0;0;19687.41015625
1;1;19588.091796875
2;2;19749.6796875
3;3;19555.62109375
4;4;19193.306640625
5;5;19062.08203125
6;6;19487.064453125
7;7;19135.673828125
8;8;18931.169921875
9;9;19683.521484375
10;10;19200.779296875
11;11;19604.61328125
12;12;19834.474609375
13;13;19481.70703125
14;14;19747.537109375
15;15;20096.90234375
16;16;19857.78125
17;17;20447.9921875
18;18;20655.998046875
19;19;20260.123046875
20;20;20435.884765625
21;21;20616.41796875
22;22;20554.759765625
23;23;20546.7421875
24;24;20587.361328125
25;25;20910.603515625
26;26;21345.03515625
27;27;21941.26953125
28;28;21644.25390625
29;29;21916.390625
30;30;22020.04296875
31;31;22311.41796875
32;32;22415.89453125
33;33;22779.052734375
34;34;23282.341796875
35;35;23969.32421875
36;36;24120.953125
37;37;23791.572265625
38;38;25285.40234375
39;39;24922.458984375
40;40;26114.54296875
41;41;25267.9609375
42;42;25871.515625
43;43;27114.2578125
44;44;27659.298828125
45;45;28101.8046875
46;46;28334.318359375
47;47;29194.765625
48;48;29305.953125
49;49;29752.859375
50;50;31750.171875
51;51;31973.615234375
52;52;32252.59765625
53;53;33538.09765625
54;54;32558.091796875
55;55;33687.53125
56;56;35020.94140625
57;57;36844.15625
58;58;37680.5390625
59;59;38604.6015625
60;60;39330.953125
61;61;40029.48828125
62;62;41085.6015625
63;63;41459.2265625
64;64;41893.3203125
65;65;43363.60546875
66;66;42926.015625
67;67;43661.6953125
68;68;47730.75
69;69;48766.76953125
70;70;48403.8828125
71;71;49218.77734375
72;72;50097.4296875
73;73;48606.5390625
74;74;51062.6796875
75;75;51075.62890625
76;76;50453.72265625
77;77;55111.16015625
78;78;50766.2265625
79;79;53940.3125
80;80;54981.81640625
81;81;54397.96875
82;82;56710.24609375
83;83;56025.421875
84;84;55439.53125
85;85;57124.265625
86;86;57122.98046875
87;87;57998.01953125
88;88;57897.99609375
89;89;58830.44140625
90;90;58680.79296875
91;91;58941.75
92;92;61499.8203125
93;93;60464.05859375
94;94;60697.8671875
95;95;61470.63671875
96;96;63313.3203125
97;97;62191.24609375
98;98;63177.23046875
99;99;61718.71875
100;100;63628.0859375
101;101;62221.19140625
102;102;65812.9609375
103;103;66370.7890625
104;104;68009.2109375
105;105;64281.58203125
106;106;63851.6015625
107;107;65607.5625
108;108;63499.453125
109;109;67214.8046875
110;110;66084.765625
111;111;66077.9921875
112;112;64186.83203125
113;113;66397.96875
114;114;65694.8359375
115;115;66399.375
116;116;66589.859375
117;117;68918.65625
118;118;67779.046875
119;119;69444.265625
120;120;68851.8828125
121;121;71365.2109375
122;122;72987.8125
123;123;71041.5625
124;124;69133.0703125
125;125;68924.2890625
126;126;69850.125
127;127;68967.4375
128;128;66978.0234375
129;129;68742.6953125
130;130;69108.2421875
131;131;69402.875
132;132;68514.21875
133;133;70870.6640625
134;134;69881.59375
135;135;68922.1796875
136;136;70121.1640625
137;137;70806.171875
138;138;69536.3671875
139;139;70673.234375
140;140;71278.78125
141;141;69719.796875
142;142;70058.390625
143;143;69656.8515625
144;144;73785.5625
145;145;72548.765625
146;146;72679.234375
147;147;74920.078125
148;148;71724.3515625
149;149;68122.421875
150;150;70904.1875
151;151;68519.546875
152;152;70892.3125
153;153;68327.1875
154;154;71751.796875
155;155;70076.28125
156;156;71810.515625
157;157;73534.8828125
158;158;69675.265625
159;159;73402.1328125
160;160;74229.671875
161;161;74260.6484375
162;162;73554.2421875
163;163;74883.84375
164;164;71497.8828125
165;165;75280.1953125
166;166;71473.6171875
167;167;69916.78125
168;168;73580.2890625
169;169;73712.8984375
170;170;71575.0234375
171;171;72296.5546875
172;172;73511.9921875
173;173;71706.296875
174;174;70086.6484375
175;175;73074.984375
176;176;73144.375
177;177;72785.7109375
178;178;75029.703125
179;179;69919.6953125
180;180;72031.84375
181;181;71110.8203125
182;182;71046.953125
183;183;71223.8671875
184;184;71822.5625
185;185;74441.34375
186;186;70356.2890625
187;187;74577.3125
188;188;69897.65625
189;189;76497.6640625
190;190;70387.203125
191;191;74032.6640625
192;192;71598.625
193;193;70120.875
194;194;72659.3984375
195;195;71094.046875
196;196;73027.28125
197;197;73371.5234375
198;198;75116.640625
199;199;75706.578125
200;200;72890.5
201;201;75216.3671875
202;202;76196.9765625
203;203;75535.609375
204;204;76356.9140625
205;205;74218.859375
206;206;74158.859375
207;207;73695.2890625
208;208;73858.4765625
209;209;77055.546875
210;210;72925.65625
211;211;73450.703125
212;212;74690.4296875
213;213;74358.6015625
214;214;75269.3828125
215;215;77135.8515625
216;216;77268.1953125
217;217;73402.640625
218;218;69604.046875
219;219;73242.484375
220;220;74316.7109375
221;221;73095.2421875
222;222;74341.9921875
223;223;70920.671875
224;224;74208.9765625
225;225;75206.671875
226;226;77879.9609375
227;227;74330.9140625
228;228;74896.6640625
229;229;75007.9609375
230;230;72247.703125
231;231;76206.46875
232;232;73516.90625
233;233;72578.8515625
234;234;73286.3046875
235;235;74457.59375
236;236;75133.921875
237;237;78163.6875
238;238;75750.15625
239;239;76128.0234375
240;240;73050.109375
241;241;72654.2890625
242;242;74003.7265625
243;243;76247.71875
244;244;71289.4921875
245;245;76543.109375
246;246;74356.828125
247;247;73160.953125
248;248;72918.1875
249;249;70194.375
250;250;72281.328125
251;251;75458.2578125
252;252;75096.546875
253;253;73794.5
254;254;73637.953125
255;255;72612.3671875
256;256;74901.3125
257;257;71737.6875
258;258;72122.703125
259;259;73370.890625
260;260;72709.7578125
261;261;72518.0390625
262;262;74881.1953125
263;263;73938.2734375
264;264;76545.9453125
265;265;75208.1171875
266;266;77177.8671875
267;267;73259.1640625
268;268;72329.75
269;269;74655.125
270;270;74086.1328125
271;271;73461.265625
272;272;75375.53125
273;273;72940.890625
274;274;73992.8671875
275;275;75373.2421875
276;276;74818.7109375
277;277;74776.609375
278;278;76593.421875
279;279;74960.671875
280;280;74333.71875
281;281;77435.75
282;282;78795.1015625
283;283;71127.9453125
284;284;77593.9140625
285;285;75745.09375
286;286;74534.703125
287;287;74074.65625
288;288;73040.8046875
289;289;73021.4453125
290;290;72507.328125
291;291;75497.1953125
292;292;76469.1640625
293;293;76733.6640625
294;294;76442.6875
295;295;74423.4609375
296;296;77752.0859375
297;297;75086.7734375
298;298;73186.0
299;299;77000.40625
300;300;77354.453125
301;301;76642.4453125
302;302;77567.921875
303;303;74075.1484375
304;304;75602.78125
305;305;77355.734375
306;306;78007.9765625
307;307;75163.25
308;308;76167.5703125
309;309;76700.4375
310;310;77585.21875
311;311;77500.6171875
312;312;76711.3359375
313;313;78023.015625
314;314;75936.1796875
315;315;73901.09375
316;316;78394.921875
317;317;76386.96875
318;318;75207.953125
319;319;75650.109375
320;320;74908.859375
321;321;76268.0703125
322;322;78679.203125
323;323;75378.484375
324;324;76908.046875
325;325;74729.15625
326;326;76803.765625
327;327;75436.3984375
328;328;73756.984375
329;329;73247.71875
330;330;72514.5
331;331;75162.15625
332;332;74903.984375
333;333;74883.9296875
334;334;74352.3671875
335;335;75211.9609375
336;336;73368.09375
337;337;78081.6875
338;338;75907.8203125
339;339;72064.4375
340;340;79675.3359375
341;341;75573.7265625
342;342;75704.4453125
343;343;77973.7265625
344;344;76809.5703125
345;345;75261.234375
346;346;73891.6875
347;347;77794.9609375
348;348;75606.671875
349;349;78449.2421875
350;350;78677.8671875
351;351;76419.5390625
352;352;76217.7265625
353;353;76244.3984375
354;354;74723.1484375
355;355;74475.03125
356;356;73170.3046875
357;357;75223.5078125
358;358;73357.578125
359;359;75359.2578125
360;360;76423.78125
361;361;78200.6875
362;362;76845.859375
363;363;76308.765625
364;364;74988.4609375
365;365;75902.6328125
366;366;71349.8125
367;367;77016.234375
368;368;76437.1015625
369;369;78396.7265625
370;370;75082.8671875
371;371;77714.0078125
372;372;72942.40625
373;373;75057.296875
374;374;76341.9921875
375;375;77241.6484375
376;376;76119.6171875
377;377;75177.5703125
378;378;77440.109375
379;379;77901.9453125
380;380;77988.25
381;381;79318.9453125
382;382;78670.703125
383;383;77874.7421875
384;384;77427.2265625
385;385;76448.8671875
386;386;78492.4375
387;387;78483.125
388;388;80487.1484375
389;389;78260.734375
390;390;78562.0234375
391;391;77834.4453125
392;392;76199.4296875
393;393;77622.9375
394;394;77569.3359375
395;395;78669.6953125
396;396;75143.5625
397;397;77589.3359375
398;398;77289.671875
399;399;74301.328125
400;400;76234.65625
401;401;79267.2890625
402;402;78146.921875
403;403;75887.90625
404;404;79024.453125
405;405;78637.1171875
406;406;78248.359375
407;407;75171.09375
408;408;76878.4453125
409;409;75615.0703125
410;410;78888.4609375
411;411;79610.3125
412;412;77212.5625
413;413;80149.8828125
414;414;77778.40625
415;415;81412.4453125
416;416;75622.5859375
417;417;77323.90625
418;418;76392.140625
419;419;78366.21875
420;420;74924.0546875
421;421;78961.8671875
422;422;81270.421875
423;423;78873.1015625
424;424;77691.1328125
425;425;79799.4921875
426;426;82606.734375
427;427;79640.859375
428;428;79531.078125
429;429;77579.671875
430;430;79367.40625
431;431;80220.3359375
432;432;77757.9140625
433;433;79331.734375
434;434;80319.5703125
435;435;76677.625
436;436;79642.546875
437;437;80103.7890625
438;438;84101.8515625
439;439;79117.2890625
440;440;78911.234375
441;441;79717.34375
442;442;79874.453125
443;443;80196.25
444;444;76724.078125
445;445;79231.34375
446;446;78612.0390625
447;447;80350.1953125
448;448;79912.6796875
449;449;81504.9765625
450;450;78074.2578125
451;451;78871.2890625
452;452;78976.1796875
453;453;80368.5859375
454;454;80981.609375
455;455;80000.890625
456;456;79407.8203125
457;457;75741.4140625
458;458;80257.6484375
459;459;80280.59375
460;460;80438.2734375
461;461;77174.6875
462;462;81473.640625
463;463;81671.765625
464;464;77401.59375
465;465;77498.265625
466;466;76441.0390625
467;467;76283.0078125
468;468;80108.8359375
469;469;77671.6796875
470;470;77780.3828125
471;471;76804.0625
472;472;81074.171875
473;473;79715.1953125
474;474;78675.1640625
475;475;78406.3203125
476;476;83142.7890625
477;477;80767.6171875
478;478;81676.984375
479;479;76699.0703125
480;480;80211.546875
481;481;80438.6484375
482;482;78009.2421875
483;483;75911.375
484;484;80263.921875
485;485;79459.921875
486;486;80891.875
487;487;80193.984375
488;488;76063.328125
489;489;78803.6875
490;490;79819.40625
491;491;80700.109375
492;492;80499.0625
493;493;80262.65625
494;494;78712.765625
495;495;78451.71875
496;496;79827.2578125
497;497;83654.6796875
498;498;80111.390625
499;499;79352.2265625
500;500;81396.9296875
501;501;79420.2578125
502;502;76803.296875
503;503;82891.3359375
504;504;79254.921875
505;505;82047.40625
506;506;82736.1484375
507;507;75507.8046875
508;508;76005.390625
509;509;82595.703125
510;510;76917.1875
511;511;80372.0859375
512;512;81228.6875
513;513;81603.6015625
514;514;80412.6640625
515;515;81932.375
516;516;79081.4140625
517;517;75902.1015625
518;518;80364.3359375
519;519;78711.65625
520;520;83851.078125
521;521;80453.828125
522;522;81595.0546875
523;523;83943.1484375
524;524;78776.7109375
525;525;81554.78125
526;526;82802.3046875
527;527;79977.4765625
528;528;78712.734375
529;529;81423.1171875
530;530;81355.9921875
531;531;79089.671875
532;532;80033.390625
533;533;80622.9140625
534;534;79131.7890625
535;535;77762.46875
536;536;82067.921875
537;537;79021.1875
538;538;80713.9609375
539;539;81004.03125
540;540;79441.65625
541;541;82371.953125
542;542;81364.8671875
543;543;83310.6796875
544;544;81244.328125
545;545;82658.5078125
546;546;84170.71875
547;547;80604.890625
548;548;81859.640625
549;549;80027.2265625
550;550;81285.0703125
551;551;83279.53125
552;552;79922.453125
553;553;81938.8515625
554;554;79696.65625
555;555;83116.15625
556;556;82857.34375
557;557;83755.8359375
558;558;79882.2734375
559;559;80278.109375
560;560;83060.0078125
561;561;80262.453125
562;562;77740.1328125
563;563;81829.8984375
564;564;79776.3671875
565;565;79552.6953125
566;566;81620.5078125
567;567;79938.8359375
568;568;79199.6171875
569;569;78381.53125
570;570;81870.265625
571;571;80677.71875
572;572;79403.7734375
573;573;79843.1796875
574;574;80652.953125
575;575;80599.9765625
576;576;81482.7421875
577;577;83698.5859375
578;578;82067.0390625
579;579;82017.609375
580;580;78942.4609375
581;581;81716.0703125
582;582;81540.9140625
583;583;79864.453125
584;584;81094.1796875
585;585;81441.7265625
586;586;83203.1640625
587;587;80357.328125
588;588;80761.65625
589;589;80245.5
590;590;81645.2421875
591;591;84347.71875
592;592;81551.5234375
593;593;80213.390625
594;594;82983.9296875
595;595;82369.0703125
596;596;85276.578125
597;597;81555.453125
598;598;83801.7421875
599;599;84736.2265625
600;600;82214.5390625
601;601;77047.765625
602;602;80522.125
603;603;80347.5234375
604;604;81944.265625
605;605;80423.265625
606;606;82122.9140625
607;607;82521.296875
608;608;84821.734375
609;609;85498.3203125
610;610;83092.2734375
611;611;81691.7265625
612;612;78799.7109375
613;613;81512.625
614;614;81697.203125
615;615;83521.71875
616;616;81268.90625
617;617;85006.203125
618;618;83440.890625
619;619;80672.5
620;620;77097.046875
621;621;82525.6796875
622;622;79864.21875
623;623;81303.3671875
624;624;83771.375
625;625;84001.8984375
626;626;83497.984375
627;627;86640.2890625
628;628;79885.7265625
629;629;83247.0234375
630;630;83216.703125
631;631;79723.3359375
632;632;81214.875
633;633;82249.515625
634;634;82917.1796875
635;635;81673.1484375
636;636;81528.1875
637;637;79971.2421875
638;638;80681.1328125
639;639;78752.3203125
640;640;83041.0078125
641;641;83388.71875
642;642;78708.5390625
643;643;81856.8828125
644;644;80532.5546875
645;645;82450.3671875
646;646;80093.0859375
647;647;81715.703125
648;648;81827.2421875
649;649;80824.0234375
650;650;80056.3046875
651;651;81466.796875
652;652;81799.765625
653;653;80236.359375
654;654;84516.96875
655;655;80528.6796875
656;656;81907.2265625
657;657;77674.8984375
658;658;81504.09375
659;659;83286.828125
660;660;83154.0625
661;661;79277.625
662;662;82739.4296875
663;663;82789.8671875
664;664;80699.9765625
665;665;81373.4921875
666;666;80421.7421875
667;667;81754.46875
668;668;79510.859375
669;669;84302.0859375
670;670;82948.9375
671;671;83630.40625
672;672;81918.7578125
673;673;85004.3515625
674;674;80079.25
675;675;83260.203125
676;676;82571.1796875
677;677;78933.328125
678;678;81756.5234375
679;679;82979.6484375
680;680;85378.390625
681;681;80687.203125
682;682;84029.109375
683;683;81786.171875
684;684;85435.078125
685;685;81727.9140625
686;686;80961.625
687;687;81493.4765625
688;688;80762.515625
689;689;81584.703125
690;690;82134.453125
691;691;81090.515625
692;692;84838.25
693;693;85002.703125
694;694;84412.4296875
695;695;82037.0078125
696;696;84401.7421875
697;697;81867.1015625
698;698;85154.25
699;699;84170.84375
700;700;85038.4921875
701;701;84232.46875
702;702;85082.21875
703;703;81207.796875
704;704;84226.21875
705;705;84093.921875
706;706;79974.9765625
707;707;84987.015625
708;708;85977.90625
709;709;85326.671875
710;710;85062.6015625
711;711;86281.3671875
712;712;86401.1640625
713;713;84212.0546875
714;714;85898.703125
715;715;81348.46875
716;716;81955.8203125
717;717;84882.453125
718;718;84026.28125
719;719;85935.234375
720;720;81766.75
721;721;84471.5390625
722;722;84087.125
723;723;83177.46875
724;724;84088.515625
725;725;85290.53125
726;726;80885.9375
727;727;85276.3203125
728;728;85337.625
729;729;84464.4140625
730;730;79661.234375
731;731;81340.0
732;732;80900.625
733;733;84811.140625
734;734;82096.4921875
735;735;82211.078125
736;736;83445.65625
737;737;81802.25
738;738;83276.7421875
739;739;83506.59375
740;740;87414.453125
741;741;84190.9296875
742;742;81276.2421875
743;743;83699.9765625
744;744;80940.96875
745;745;82584.6484375
746;746;86506.90625
747;747;85262.5546875
748;748;84614.078125
749;749;84970.078125
750;750;82016.0859375
751;751;87219.4296875
752;752;84042.4375
753;753;82414.9375
754;754;87510.25
755;755;85788.3671875
756;756;86395.234375
757;757;82672.1953125
758;758;85532.3125
759;759;85897.15625
760;760;82946.1875
761;761;82207.84375
762;762;82963.046875
763;763;79888.2421875
764;764;86117.0234375
765;765;84600.5390625
766;766;81013.7109375
767;767;86771.265625
768;768;81170.0
769;769;85771.0546875
770;770;83381.640625
771;771;82377.984375
772;772;85588.46875
773;773;85341.859375
774;774;82952.046875
775;775;80735.7578125
776;776;82351.03125
777;777;85228.6953125
778;778;85328.4140625
779;779;83840.59375
780;780;83611.7578125
781;781;85454.515625
782;782;84858.4609375
783;783;80495.90625
784;784;84465.203125
785;785;84698.3515625
786;786;81785.2578125
787;787;86320.03125
788;788;84429.2578125
789;789;84052.4140625
790;790;80368.0859375
791;791;81952.5859375
792;792;79917.78125
793;793;87276.5
794;794;82551.359375
795;795;87530.4140625
796;796;84880.28125
797;797;83896.0625
798;798;84184.578125
799;799;83143.015625
800;800;87355.5625
801;801;82124.9609375
802;802;87819.578125
803;803;87459.6484375
804;804;84811.03125
805;805;83555.8828125
806;806;82043.109375
807;807;81661.2421875
808;808;83510.140625
809;809;84119.984375
810;810;81681.234375
811;811;81418.453125
812;812;81288.8828125
813;813;84999.578125
814;814;80600.9375
815;815;83124.4609375
816;816;87072.5078125
817;817;84619.796875
818;818;84357.7890625
819;819;85977.625
820;820;82858.9140625
821;821;82284.3671875
822;822;84503.84375
823;823;85713.9765625
824;824;85759.8828125
825;825;85972.4921875
826;826;84061.90625
827;827;86697.0390625
828;828;84475.15625
829;829;84752.2734375
830;830;85125.5234375
831;831;87827.7265625
832;832;86955.890625
833;833;82956.859375
834;834;80798.1875
835;835;85557.5546875
836;836;87106.59375
837;837;86976.5859375
838;838;86610.8203125
839;839;84148.109375
840;840;87708.171875
841;841;86995.84375
842;842;87069.9296875
843;843;85428.140625
844;844;88469.109375
845;845;85983.8203125
846;846;85122.1484375
847;847;85739.484375
848;848;85111.6796875
849;849;84988.53125
850;850;85910.1171875
851;851;86951.609375
852;852;89180.0
853;853;86383.2890625
854;854;85535.3125
855;855;83987.78125
856;856;85080.078125
857;857;83850.2265625
858;858;85702.2578125
859;859;83830.125
860;860;85579.265625
861;861;87546.453125
862;862;87543.28125
863;863;89484.03125
864;864;84814.28125
865;865;86806.2265625
866;866;84302.3984375
867;867;83307.2578125
868;868;81003.8984375
869;869;83887.6796875
870;870;83635.90625
871;871;85669.90625
872;872;84912.9375
873;873;85778.3984375
874;874;84931.6484375
875;875;87179.0546875
876;876;86724.9765625
877;877;80057.125
878;878;84109.2421875
879;879;85966.0625
880;880;85032.953125
881;881;84711.046875
882;882;86344.9453125
883;883;86060.5859375
884;884;85647.6953125
885;885;82399.2734375
886;886;85879.6953125
887;887;88269.453125
888;888;88609.6328125
889;889;81956.8203125
890;890;87651.34375
891;891;83399.03125
892;892;88516.25
893;893;85536.46875
894;894;86096.203125
895;895;87366.9140625
896;896;84494.59375
897;897;92019.0546875
898;898;86206.828125
899;899;85156.03125
900;900;87711.484375
901;901;85501.046875
902;902;83940.71875
903;903;87123.375
904;904;85852.203125
905;905;85987.0859375
906;906;84693.25
907;907;88673.7265625
908;908;83438.4375
909;909;88229.296875
910;910;85567.4765625
911;911;84351.1796875
912;912;87615.5625
913;913;84570.4375
914;914;84552.6015625
915;915;85650.7421875
916;916;86434.546875
917;917;86025.21875
918;918;85086.5546875
919;919;84986.1796875
920;920;85549.3125
921;921;84924.859375
922;922;85563.9296875
923;923;85065.8125
924;924;89066.5625
925;925;86832.6796875
926;926;84245.8125
927;927;89018.8203125
928;928;82920.515625
929;929;88658.6640625
930;930;87801.734375
931;931;83848.9765625
932;932;88263.7109375
933;933;86648.984375
934;934;88121.03125
935;935;85691.3203125
936;936;86673.4140625
937;937;43714.5234375
938;938;1304455.125
939;939;1294091.25
940;940;1308202.75
941;941;1312312.375
942;942;1309564.875
943;943;1411829.5
944;944;1429106.125
945;945;1442920.0
946;946;1461085.25
947;947;1395373.75
948;948;85240.1796875
949;949;87460.6484375
950;950;88516.125
951;951;87099.171875
952;952;88275.1640625
953;953;86349.9296875
954;954;88413.9375
955;955;86009.2109375
956;956;85529.15625
957;957;85336.390625
958;958;87583.9921875
959;959;83909.7109375
960;960;85098.65625
961;961;81762.1796875
962;962;87367.71875
963;963;87156.6328125
964;964;82710.140625
965;965;86302.859375
966;966;85588.640625
967;967;86298.4765625
968;968;81895.3125
969;969;85165.953125
970;970;82671.2265625
971;971;82469.828125
972;972;86574.9140625
973;973;86671.03125
974;974;83056.8203125
975;975;84494.0
976;976;86495.1171875
977;977;84482.8515625
978;978;86106.2265625
979;979;87407.0546875
980;980;87357.3515625
981;981;87071.078125
982;982;88863.4765625
983;983;91044.921875
984;984;90749.40625
985;985;90327.1796875
986;986;91146.0625
987;987;84510.15625
988;988;87245.3203125
989;989;84712.6015625
990;990;89545.1484375
991;991;86505.8984375
992;992;88031.203125
993;993;89727.015625
994;994;87302.65625
995;995;88169.390625
996;996;88326.84375
997;997;88435.65625
998;998;86399.890625
999;999;86943.9375
1000;1000;86129.0390625
1001;1001;90430.6640625
1002;1002;84444.3828125
1003;1003;89772.5546875
1004;1004;90134.9453125
1005;1005;89663.5
1006;1006;88574.4765625
1007;1007;90558.9453125
1008;1008;92324.5078125
1009;1009;87387.921875
1010;1010;88049.78125
1011;1011;87566.5625
1012;1012;83832.1015625
1013;1013;88378.984375
1014;1014;88949.4296875
1015;1015;90026.421875
1016;1016;84376.4921875
1017;1017;88176.1640625
1018;1018;88313.5703125
1019;1019;88554.671875
1020;1020;87285.5
1021;1021;86949.59375
1022;1022;91248.9296875
1023;1023;89446.265625
1024;1024;88613.4453125
1025;1025;89899.1640625
1026;1026;87653.71875
1027;1027;91458.75
1028;1028;88174.6171875
1029;1029;86476.9609375
1030;1030;84882.3984375
1031;1031;89832.609375
1032;1032;88895.7578125
1033;1033;90987.4609375
1034;1034;85795.234375
1035;1035;89051.7734375
1036;1036;88099.40625
1037;1037;90199.40625
1038;1038;88590.4296875
1039;1039;89171.4609375
1040;1040;89290.1875
1041;1041;86094.0625
1042;1042;88374.03125
1043;1043;88254.5703125
1044;1044;92133.4453125
1045;1045;84039.6796875
1046;1046;89083.640625
1047;1047;87325.1640625
1048;1048;89071.34375
1049;1049;87916.359375
1050;1050;87065.453125
1051;1051;87509.515625
1052;1052;88738.546875
1053;1053;89780.5078125
1054;1054;90102.640625
1055;1055;90035.9765625
1056;1056;88748.21875
1057;1057;86387.9375
1058;1058;86905.6484375
1059;1059;88886.578125
1060;1060;83907.453125
1061;1061;90156.7890625
1062;1062;86972.1640625
1063;1063;88486.9296875
1064;1064;88023.296875
1065;1065;88825.0
1066;1066;86963.421875
1067;1067;86334.328125
1068;1068;89176.625
1069;1069;87713.0625
1070;1070;83492.6015625
1071;1071;85837.359375
1072;1072;89483.46875
1073;1073;87972.59375
1074;1074;88050.9921875
1075;1075;87956.6484375
1076;1076;91318.9140625
1077;1077;86525.4609375
1078;1078;90031.7890625
1079;1079;88116.140625
1080;1080;85541.671875
1081;1081;88592.71875
1082;1082;87525.34375
1083;1083;86238.046875
1084;1084;87331.3359375
1085;1085;86834.2734375
1086;1086;90492.46875
1087;1087;84524.09375
1088;1088;85043.9609375
1089;1089;88430.0625
1090;1090;89413.390625
1091;1091;84457.125
1092;1092;88914.8671875
1093;1093;85649.1015625
1094;1094;88209.46875
1095;1095;89608.59375
1096;1096;88669.1875
1097;1097;89721.1875
1098;1098;87204.0703125
1099;1099;87349.3984375
1100;1100;87807.3984375
1101;1101;87502.7734375
1102;1102;88463.3125
1103;1103;85689.46875
1104;1104;90799.7578125
1105;1105;87336.328125
1106;1106;85067.7734375
1107;1107;89723.1953125
1108;1108;88157.8203125
1109;1109;87649.46875
1110;1110;86602.2109375
1111;1111;85065.859375
1112;1112;87729.6171875
1113;1113;87941.3203125
1114;1114;88795.53125
1115;1115;87989.984375
1116;1116;88472.453125
1117;1117;89655.203125
1118;1118;89005.875
1119;1119;84257.96875
1120;1120;88362.9453125
1121;1121;87044.953125
1122;1122;88866.2734375
1123;1123;85868.796875
1124;1124;89573.8984375
1125;1125;87453.8203125
1126;1126;86742.7421875
1127;1127;89506.0703125
1128;1128;89078.328125
1129;1129;86465.5234375
1130;1130;89451.734375
1131;1131;86857.84375
1132;1132;85570.1171875
1133;1133;91391.625
1134;1134;89171.890625
1135;1135;92466.859375
1136;1136;88067.75
1137;1137;90360.2578125
1138;1138;86988.1875
1139;1139;89202.1875
1140;1140;88192.5546875
1141;1141;85113.21875
1142;1142;87362.609375
1143;1143;86824.5
1144;1144;89428.2890625
1145;1145;89807.109375
1146;1146;89503.390625
1147;1147;90780.546875
1148;1148;89574.2265625
1149;1149;86646.7734375
1150;1150;89686.03125
1151;1151;85214.703125
1152;1152;86367.75
1153;1153;88066.7109375
1154;1154;86418.0234375
1155;1155;87209.953125
1156;1156;89265.1640625
1157;1157;88418.0546875
1158;1158;89567.578125
1159;1159;89554.4140625
1160;1160;92246.796875
1161;1161;88678.1484375
1162;1162;89543.2578125
1163;1163;83704.0546875
1164;1164;87947.375
1165;1165;88259.0234375
1166;1166;86044.0
1167;1167;86631.7578125
1168;1168;89130.4140625
1169;1169;86002.1875
1170;1170;88448.5078125
1171;1171;91004.9296875
1172;1172;89062.71875
1173;1173;89824.96875
1174;1174;88619.4453125
1175;1175;85126.6171875
1176;1176;87806.6015625
1177;1177;86008.671875
1178;1178;85393.046875
1179;1179;88621.890625
1180;1180;87310.3671875
1181;1181;88406.8671875
1182;1182;91426.984375
1183;1183;87530.453125
1184;1184;85319.484375
1185;1185;91097.7890625
1186;1186;88934.1171875
1187;1187;87206.5234375
1188;1188;85789.5859375
1189;1189;90346.6796875
1190;1190;86842.390625
1191;1191;90585.4140625
1192;1192;86709.734375
1193;1193;89097.890625
1194;1194;86033.7109375
1195;1195;87800.3125
1196;1196;91725.3203125
1197;1197;87865.4453125
1198;1198;90420.671875
1199;1199;88504.0546875
1200;1200;91250.6640625
1201;1201;86579.0703125
1202;1202;88424.1484375
1203;1203;90580.734375
1204;1204;90537.375
1205;1205;85984.8828125
1206;1206;91061.0859375
1207;1207;88400.421875
1208;1208;89039.5625
1209;1209;91706.796875
1210;1210;88554.796875
1211;1211;88541.328125
1212;1212;89280.859375
1213;1213;90894.4296875
1214;1214;86679.8828125
1215;1215;87624.5234375
1216;1216;89514.8671875
1217;1217;87004.6875
1218;1218;86019.8984375
1219;1219;89758.4296875
1220;1220;88572.2421875
1221;1221;88448.2109375
1222;1222;91522.8046875
1223;1223;84434.109375
1224;1224;83205.9140625
1225;1225;92165.671875
1226;1226;90217.125
1227;1227;89131.2578125
1228;1228;83896.0625
1229;1229;87205.4453125
1230;1230;90345.1640625
1231;1231;86366.2109375
1232;1232;89628.421875
1233;1233;90606.53125
1234;1234;90215.7421875
1235;1235;89002.1015625
1236;1236;90262.453125
1237;1237;88697.4453125
1238;1238;89645.296875
1239;1239;91176.703125
1240;1240;86373.3828125
1241;1241;86194.40625
1242;1242;89667.8125
1243;1243;88364.2578125
1244;1244;90209.8359375
1245;1245;91315.2890625
1246;1246;85040.25
1247;1247;89740.515625
1248;1248;89755.2734375
1249;1249;87313.109375
1250;1250;91720.265625
1251;1251;89908.953125
1252;1252;89927.703125
1253;1253;90720.640625
1254;1254;88416.6328125
1255;1255;90410.4296875
1256;1256;89470.0078125
1257;1257;91557.140625
1258;1258;88739.0546875
1259;1259;87569.078125
1260;1260;87991.515625
1261;1261;88731.375
1262;1262;84713.0703125
1263;1263;90307.4921875
1264;1264;85171.625
1265;1265;89480.8984375
1266;1266;87620.9375
1267;1267;90853.3203125
1268;1268;90692.1328125
1269;1269;91552.8203125
1270;1270;91415.359375
1271;1271;84289.65625
1272;1272;88774.15625
1273;1273;88268.265625
1274;1274;91223.140625
1275;1275;91053.046875
1276;1276;94532.7265625
1277;1277;88692.1796875
1278;1278;91846.34375
1279;1279;91350.0859375
1280;1280;86063.9765625
1281;1281;89225.2265625
1282;1282;91892.5078125
1283;1283;91887.0078125
1284;1284;85250.9765625
1285;1285;89335.15625
1286;1286;88011.5390625
1287;1287;87533.984375
1288;1288;89681.2421875
1289;1289;83438.3984375
1290;1290;87233.5859375
1291;1291;92875.96875
1292;1292;91301.125
1293;1293;90361.578125
1294;1294;93471.5078125
1295;1295;85396.953125
1296;1296;90487.5703125
1297;1297;89911.9609375
1298;1298;93319.0
1299;1299;91920.328125
1300;1300;92641.15625
1301;1301;89444.4609375
1302;1302;90660.6796875
1303;1303;91237.4765625
1304;1304;88492.359375
1305;1305;88039.40625
1306;1306;89014.9609375
1307;1307;89780.3671875
1308;1308;87821.9921875
1309;1309;91568.8046875
1310;1310;89391.4375
1311;1311;90860.7421875
1312;1312;86560.6484375
1313;1313;86585.296875
1314;1314;91076.078125
1315;1315;93872.6328125
1316;1316;94351.4296875
1317;1317;91427.5703125
1318;1318;87242.3828125
1319;1319;89009.2421875
1320;1320;90788.75
1321;1321;93079.40625
1322;1322;90483.9296875
1323;1323;91340.2734375
1324;1324;93785.8359375
1325;1325;88430.953125
1326;1326;94448.421875
1327;1327;93742.109375
1328;1328;88225.3046875
1329;1329;91229.40625
1330;1330;88777.8828125
1331;1331;91158.03125
1332;1332;91592.8203125
1333;1333;91310.7578125
1334;1334;88925.609375
1335;1335;88826.671875
1336;1336;91377.6328125
1337;1337;90023.59375
1338;1338;89350.21875
1339;1339;90857.8046875
1340;1340;88866.703125
1341;1341;94091.5234375
1342;1342;88303.0390625
1343;1343;91726.2421875
1344;1344;88315.7265625
1345;1345;91992.265625
1346;1346;94614.4296875
1347;1347;85672.984375
1348;1348;88452.0078125
1349;1349;89530.4609375
1350;1350;93808.90625
1351;1351;91763.390625
1352;1352;87459.9375
1353;1353;92104.7265625
1354;1354;91731.3125
1355;1355;92514.5390625
1356;1356;89684.9453125
1357;1357;86789.8515625
1358;1358;92589.421875
1359;1359;92124.75
1360;1360;91689.421875
1361;1361;91159.5703125
1362;1362;92762.2578125
1363;1363;91969.3828125
1364;1364;93540.734375
1365;1365;92659.75
1366;1366;88642.515625
1367;1367;89793.8828125
1368;1368;90487.609375
1369;1369;89778.9140625
1370;1370;91624.2578125
1371;1371;89929.140625
1372;1372;88062.7421875
1373;1373;91149.7421875
1374;1374;93134.796875
1375;1375;92806.0546875
1376;1376;89760.453125
1377;1377;93666.90625
1378;1378;91948.609375
1379;1379;91284.1640625
1380;1380;93168.3671875
1381;1381;92325.09375
1382;1382;91782.125
1383;1383;90607.296875
1384;1384;92083.0390625
1385;1385;90303.8359375
1386;1386;89521.515625
1387;1387;89428.390625
1388;1388;89418.8515625
1389;1389;91551.1171875
1390;1390;92469.2265625
1391;1391;87340.265625
1392;1392;94497.859375
1393;1393;88336.921875
1394;1394;91158.96875
1395;1395;93949.296875
1396;1396;89734.296875
1397;1397;92090.171875
1398;1398;91633.65625
1399;1399;90063.4453125
1400;1400;91193.09375
1401;1401;94876.109375
1402;1402;91627.7265625
1403;1403;89213.3984375
1404;1404;94478.28125
1405;1405;90246.390625
1406;1406;88409.109375
1407;1407;88524.53125
1408;1408;91493.421875
1409;1409;91155.640625
1410;1410;91420.4375
1411;1411;87952.015625
1412;1412;88864.4375
1413;1413;89465.90625
1414;1414;88599.59375
1415;1415;90014.3125
1416;1416;87021.25
1417;1417;93019.421875
1418;1418;88087.203125
1419;1419;91323.625
1420;1420;89600.9609375
1421;1421;90538.3046875
1422;1422;93358.421875
1423;1423;91841.7265625
1424;1424;94972.2265625
1425;1425;93030.609375
1426;1426;89674.96875
1427;1427;87841.0234375
1428;1428;92578.296875
1429;1429;88261.953125
1430;1430;90642.890625
1431;1431;92423.875
1432;1432;90952.484375
1433;1433;90892.2578125
1434;1434;91310.390625
1435;1435;89942.671875
1436;1436;89374.4765625
1437;1437;88478.40625
1438;1438;92225.7109375
1439;1439;89802.8046875
1440;1440;90044.828125
1441;1441;93292.4296875
1442;1442;91755.59375
1443;1443;91482.7734375
1444;1444;91761.3203125
1445;1445;90570.7890625
1446;1446;93702.140625
1447;1447;89146.484375
1448;1448;89162.8515625
1449;1449;92043.5
1450;1450;92935.2421875
1451;1451;92641.625
1452;1452;91458.9296875
1453;1453;89918.9765625
1454;1454;89803.2890625
1455;1455;91862.0703125
1456;1456;89857.015625
1457;1457;88909.4296875
1458;1458;92289.3125
1459;1459;92932.7890625
1460;1460;86822.4921875
1461;1461;90300.34375
1462;1462;89856.890625
1463;1463;92944.1015625
1464;1464;88509.2890625
1465;1465;89970.7421875
1466;1466;92021.4921875
1467;1467;91425.1328125
1468;1468;89653.6328125
1469;1469;91050.375
1470;1470;90722.96875
1471;1471;90817.765625
1472;1472;91145.8046875
1473;1473;92795.75
1474;1474;87257.453125
1475;1475;94110.046875
1476;1476;91068.5625
1477;1477;88685.9140625
1478;1478;88522.0078125
1479;1479;91000.4296875
1480;1480;90468.890625
1481;1481;89561.890625
1482;1482;91500.2109375
1483;1483;91527.4140625
1484;1484;92884.3671875
1485;1485;87242.625
1486;1486;90608.7109375
1487;1487;91497.171875
1488;1488;91517.171875
1489;1489;88703.4609375
1490;1490;89922.8046875
1491;1491;91818.8984375
1492;1492;92900.6640625
1493;1493;88119.65625
1494;1494;93280.5546875
1495;1495;90084.0625
1496;1496;89232.1953125
1497;1497;91512.0703125
1498;1498;91163.4453125
1499;1499;89415.8984375
1500;1500;93203.6015625
1501;1501;91172.90625
1502;1502;91247.09375
1503;1503;92813.9765625
1504;1504;92566.703125
1505;1505;88939.234375
1506;1506;85577.3046875
1507;1507;92151.578125
1508;1508;89392.5546875
1509;1509;90852.9296875
1510;1510;86644.3203125
1511;1511;92151.015625
1512;1512;92226.5625
1513;1513;90219.6640625
1514;1514;96576.5078125
1515;1515;91817.7109375
1516;1516;90121.8046875
1517;1517;90577.515625
1518;1518;89615.96875
1519;1519;93285.453125
1520;1520;93105.6328125
1521;1521;88380.9375
1522;1522;90028.0859375
1523;1523;89955.90625
1524;1524;93594.15625
1525;1525;91281.3671875
1526;1526;94602.0859375
1527;1527;94861.0625
1528;1528;92871.453125
1529;1529;93277.984375
1530;1530;90554.421875
1531;1531;89178.1953125
1532;1532;92864.84375
1533;1533;92888.671875
1534;1534;92873.375
1535;1535;90699.5703125
1536;1536;91757.84375
1537;1537;92318.5625
1538;1538;91449.9375
1539;1539;91301.796875
1540;1540;89373.171875
1541;1541;92730.71875
1542;1542;89423.3203125
1543;1543;94796.578125
1544;1544;90491.140625
1545;1545;86621.953125
1546;1546;89352.2734375
1547;1547;90183.3828125
1548;1548;92584.7265625
1549;1549;89859.484375
1550;1550;90648.03125
1551;1551;89948.28125
1552;1552;91466.8515625
1553;1553;91079.28125
1554;1554;88887.3828125
1555;1555;92494.265625
1556;1556;88981.75
1557;1557;92454.765625
1558;1558;93229.4375
1559;1559;88788.609375
1560;1560;93098.0234375
1561;1561;90694.8359375
1562;1562;95176.53125
1563;1563;92749.921875
1564;1564;93045.703125
1565;1565;93570.9375
1566;1566;93521.9765625
1567;1567;89151.9296875
1568;1568;90784.1875
1569;1569;92597.890625
1570;1570;92447.84375
1571;1571;94805.9453125
1572;1572;91745.7890625
1573;1573;90274.0
1574;1574;89410.0078125
1575;1575;89260.859375
1576;1576;91353.9453125
1577;1577;91739.5625
1578;1578;86173.0625
1579;1579;90391.203125
1580;1580;93174.609375
1581;1581;88250.75
1582;1582;94677.3125
1583;1583;94086.1953125
1584;1584;92215.46875
1585;1585;92506.28125
1586;1586;90608.21875
1587;1587;92779.1328125
1588;1588;93996.15625
1589;1589;91076.1875
1590;1590;91112.03125
1591;1591;93369.796875
1592;1592;91072.5
1593;1593;91097.84375
1594;1594;92789.765625
1595;1595;94805.8671875
1596;1596;89806.7578125
1597;1597;94197.90625
1598;1598;92844.0234375
1599;1599;92944.9140625
1600;1600;91560.34375
1601;1601;96482.5625
1602;1602;92304.734375
1603;1603;93705.625
1604;1604;91475.578125
1605;1605;93584.0
1606;1606;91623.96875
1607;1607;95342.109375
1608;1608;93059.8125
1609;1609;92179.65625
1610;1610;89017.5625
1611;1611;94340.0625
1612;1612;95524.9453125
1613;1613;95455.4453125
1614;1614;92449.625
1615;1615;91170.265625
1616;1616;94919.21875
1617;1617;93736.8359375
1618;1618;92247.1015625
1619;1619;92264.2890625
1620;1620;93824.0546875
1621;1621;93831.1875
1622;1622;92338.6171875
1623;1623;94819.09375
1624;1624;92630.0
1625;1625;90101.46875
1626;1626;91933.3125
1627;1627;92934.4375
1628;1628;94818.921875
1629;1629;91761.0859375
1630;1630;94684.3359375
1631;1631;91224.2890625
1632;1632;93625.015625
1633;1633;95766.328125
1634;1634;87824.4453125
1635;1635;88963.875
1636;1636;91943.84375
1637;1637;91896.078125
1638;1638;91116.734375
1639;1639;92727.2109375
1640;1640;93769.3515625
1641;1641;96035.9921875
1642;1642;90525.859375
1643;1643;93343.1484375
1644;1644;90514.9765625
1645;1645;94126.890625
1646;1646;92816.3046875
1647;1647;90811.140625
1648;1648;94449.171875
1649;1649;95096.515625
1650;1650;90814.40625
1651;1651;91718.1484375
1652;1652;93641.90625
1653;1653;94090.453125
1654;1654;93645.1875
1655;1655;93987.453125
1656;1656;89405.7734375
1657;1657;91779.4921875
1658;1658;95037.671875
1659;1659;96692.828125
1660;1660;93068.5234375
1661;1661;94381.5
1662;1662;93596.59375
1663;1663;92147.3828125
1664;1664;91203.015625
1665;1665;90704.890625
1666;1666;92242.125
1667;1667;91712.7421875
1668;1668;91222.953125
1669;1669;95900.046875
1670;1670;94467.734375
1671;1671;97791.5390625
1672;1672;95530.515625
1673;1673;92312.9453125
1674;1674;98635.5625
1675;1675;92040.1484375
1676;1676;93071.3203125
1677;1677;94768.0859375
1678;1678;94012.328125
1679;1679;95786.296875
1680;1680;91848.8515625
1681;1681;98255.0
1682;1682;94268.2109375
1683;1683;95218.3125
1684;1684;91350.1875
1685;1685;92745.71875
1686;1686;90242.59375
1687;1687;93506.5859375
1688;1688;94102.1328125
1689;1689;92167.8203125
1690;1690;95585.6953125
1691;1691;91830.3515625
1692;1692;91869.0625
1693;1693;95284.0703125
1694;1694;90686.5078125
1695;1695;92354.7734375
1696;1696;95744.2109375
1697;1697;94232.546875
1698;1698;94900.3359375
1699;1699;96334.3984375
1700;1700;92488.2890625
1701;1701;97307.9765625
1702;1702;92401.8671875
1703;1703;93040.90625
1704;1704;95741.2890625
1705;1705;94121.46875
1706;1706;93634.0234375
1707;1707;94157.4765625
1708;1708;97284.5625
1709;1709;94218.640625
1710;1710;92797.328125
1711;1711;90758.0234375
1712;1712;92692.5
1713;1713;91686.71875
1714;1714;90344.75
1715;1715;92193.203125
1716;1716;96408.1328125
1717;1717;92775.8984375
1718;1718;90500.3671875
1719;1719;89919.2421875
1720;1720;92326.5390625
1721;1721;95371.7421875
1722;1722;94928.09375
1723;1723;93938.71875
1724;1724;91610.34375
1725;1725;91333.421875
1726;1726;95576.65625
1727;1727;96400.8359375
1728;1728;92816.5703125
1729;1729;92887.421875
1730;1730;94391.109375
1731;1731;92379.7265625
1732;1732;91590.8359375
1733;1733;91279.3515625
1734;1734;98118.8984375
1735;1735;95635.6328125
1736;1736;95915.9921875
1737;1737;94132.8671875
1738;1738;90911.6015625
1739;1739;91598.21875
1740;1740;90936.234375
1741;1741;93187.859375
1742;1742;90273.1640625
1743;1743;92136.390625
1744;1744;92662.3125
1745;1745;91855.25
1746;1746;98992.1953125
1747;1747;94697.890625
1748;1748;96537.546875
1749;1749;94442.53125
1750;1750;97231.3046875
1751;1751;91825.828125
1752;1752;92223.8515625
1753;1753;97029.5234375
1754;1754;91720.5859375
1755;1755;94274.75
1756;1756;94575.5546875
1757;1757;90829.875
1758;1758;93148.3515625
1759;1759;95046.7421875
1760;1760;94890.7265625
1761;1761;92219.8671875
1762;1762;91940.15625
1763;1763;93139.890625
1764;1764;96260.65625
1765;1765;94702.109375
1766;1766;91641.171875
1767;1767;92738.0
1768;1768;96531.7890625
1769;1769;94081.28125
1770;1770;92402.1640625
1771;1771;94447.625
1772;1772;94081.03125
1773;1773;92036.8359375
1774;1774;91757.46875
1775;1775;92707.78125
1776;1776;92486.703125
1777;1777;94909.375
1778;1778;92060.890625
1779;1779;91117.953125
1780;1780;95391.921875
1781;1781;93379.1796875
1782;1782;93523.40625
1783;1783;96183.546875
1784;1784;87709.78125
1785;1785;95661.0390625
1786;1786;93055.8203125
1787;1787;92978.15625
1788;1788;90930.6796875
1789;1789;94429.421875
1790;1790;92785.0859375
1791;1791;90070.15625
1792;1792;97347.8671875
1793;1793;95217.203125
1794;1794;92255.671875
1795;1795;94514.7265625
1796;1796;93620.9453125
1797;1797;93725.7890625
1798;1798;91345.4609375
1799;1799;95130.625
1800;1800;91324.2109375
1801;1801;91796.78125
1802;1802;93148.109375
1803;1803;91751.1484375
1804;1804;92990.34375
1805;1805;94573.5625
1806;1806;91078.1171875
1807;1807;92391.2890625
1808;1808;92701.359375
1809;1809;92610.4609375
1810;1810;92870.140625
1811;1811;93217.015625
1812;1812;89821.03125
1813;1813;93142.9453125
1814;1814;91932.2578125
1815;1815;94942.5390625
1816;1816;92251.1875
1817;1817;90101.328125
1818;1818;92341.546875
1819;1819;96856.9609375
1820;1820;93311.859375
1821;1821;95284.0703125
1822;1822;93819.2109375
1823;1823;96268.4296875
1824;1824;93754.84375
1825;1825;93024.5390625
1826;1826;93423.8203125
1827;1827;91769.765625
1828;1828;93025.8125
1829;1829;93850.2734375
1830;1830;93077.40625
1831;1831;90692.0234375
1832;1832;95545.5859375
1833;1833;94021.6328125
1834;1834;93067.625
1835;1835;93825.3671875
1836;1836;92848.0546875
1837;1837;93665.734375
1838;1838;93290.5
1839;1839;96296.4921875
1840;1840;95455.0625
1841;1841;95638.484375
1842;1842;95172.875
1843;1843;92988.3828125
1844;1844;91638.3515625
1845;1845;92702.4765625
1846;1846;90548.1328125
1847;1847;93684.7734375
1848;1848;94465.734375
1849;1849;95041.3828125
1850;1850;94555.125
1851;1851;93185.9296875
1852;1852;92404.9921875
1853;1853;93083.390625
1854;1854;92582.640625
1855;1855;95002.1015625
1856;1856;92485.34375
1857;1857;94949.90625
1858;1858;95048.515625
1859;1859;94422.7734375
1860;1860;95498.5859375
1861;1861;90530.7734375
1862;1862;93549.28125
1863;1863;96104.578125
1864;1864;93465.1875
1865;1865;87986.4921875
1866;1866;93226.140625
1867;1867;93502.375
1868;1868;93556.4140625
1869;1869;93031.6328125
1870;1870;97327.15625
1871;1871;93266.6171875
1872;1872;94222.609375
1873;1873;94001.90625
1874;1874;94783.84375
1875;1875;93572.8515625
1876;1876;94197.8984375
1877;1877;94876.6015625
1878;1878;93004.4140625
1879;1879;95096.96875
1880;1880;96677.75
1881;1881;90381.1328125
1882;1882;95916.578125
1883;1883;90365.5234375
1884;1884;91432.1328125
1885;1885;44201.78515625
1886;1886;1419577.625
1887;1887;1408836.0
1888;1888;1422646.75
1889;1889;1428510.25
1890;1890;1423667.625
1891;1891;1529770.0
1892;1892;1543565.375
1893;1893;1550654.75
1894;1894;1577543.0
1895;1895;1510427.0
1896;1896;96521.3125
1897;1897;95715.5234375
1898;1898;90677.2109375
1899;1899;92213.953125
1900;1900;95785.9296875
1901;1901;96508.09375
1902;1902;94326.2109375
1903;1903;95075.421875
1904;1904;96610.734375
1905;1905;93590.140625
1906;1906;96857.671875
1907;1907;92573.203125
1908;1908;94140.0625
1909;1909;95824.046875
1910;1910;98502.2421875
1911;1911;94767.6796875
1912;1912;91016.796875
1913;1913;92659.9921875
1914;1914;94334.3671875
1915;1915;92309.890625
1916;1916;92240.15625
1917;1917;92176.734375
1918;1918;95251.3984375
1919;1919;96627.234375
1920;1920;94795.8046875
1921;1921;96285.125
1922;1922;96766.796875
1923;1923;94948.6796875
1924;1924;95820.421875
1925;1925;98097.7578125
1926;1926;92278.6875
1927;1927;98209.9765625
1928;1928;94012.9296875
1929;1929;91802.0703125
1930;1930;97294.265625
1931;1931;92827.0703125
1932;1932;93807.234375
1933;1933;94551.8203125
1934;1934;94232.9375
1935;1935;94012.421875
1936;1936;92636.765625
1937;1937;90709.734375
1938;1938;93947.3046875
1939;1939;91775.015625
1940;1940;94447.328125
1941;1941;93965.671875
1942;1942;98201.9296875
1943;1943;94040.8671875
1944;1944;96928.796875
1945;1945;97521.9609375
1946;1946;92324.234375
1947;1947;93675.9765625
1948;1948;96948.8046875
1949;1949;90735.09375
1950;1950;97655.0703125
1951;1951;93476.5546875
1952;1952;94784.0546875
1953;1953;95288.265625
1954;1954;94113.4765625
1955;1955;97310.5
1956;1956;97905.78125
1957;1957;94773.7109375
1958;1958;94064.6640625
1959;1959;97348.421875
1960;1960;94167.25
1961;1961;94429.1015625
1962;1962;93711.046875
1963;1963;93829.109375
1964;1964;97133.15625
1965;1965;94671.3046875
1966;1966;99778.84375
1967;1967;98043.7890625
1968;1968;96427.0234375
1969;1969;96986.0546875
1970;1970;99456.90625
1971;1971;95352.3828125
1972;1972;96897.5234375
1973;1973;94753.96875
1974;1974;92529.546875
1975;1975;95579.9921875
1976;1976;88488.359375
1977;1977;96764.90625
1978;1978;96781.3046875
1979;1979;97800.6015625
1980;1980;96439.0234375
1981;1981;97559.890625
1982;1982;95649.328125
1983;1983;95298.125
1984;1984;93062.6171875
1985;1985;95165.5625
1986;1986;93367.234375
1987;1987;95247.078125
1988;1988;95940.4609375
1989;1989;93453.75
1990;1990;99199.7890625
1991;1991;95308.3125
1992;1992;92767.6015625
1993;1993;93400.53125
1994;1994;94550.5390625
1995;1995;92943.671875
1996;1996;100631.3984375
1997;1997;91979.84375
1998;1998;92491.953125
1999;1999;92031.34375
2000;2000;97148.0703125
2001;2001;94586.453125
2002;2002;96042.796875
2003;2003;96235.3828125
2004;2004;94076.8828125
2005;2005;96578.53125
2006;2006;95064.6015625
2007;2007;98629.1875
2008;2008;95558.7109375
2009;2009;91974.15625
2010;2010;99008.59375
2011;2011;97934.0234375
2012;2012;96438.21875
2013;2013;94855.40625
2014;2014;96392.4921875
2015;2015;96701.40625
2016;2016;98713.0234375
2017;2017;96801.046875
2018;2018;96673.4140625
2019;2019;96991.96875
2020;2020;97156.734375
2021;2021;95040.78125
2022;2022;91647.2734375
2023;2023;94886.3828125
2024;2024;95367.1171875
2025;2025;96471.390625
2026;2026;96912.0390625
2027;2027;100652.4296875
2028;2028;95002.40625
2029;2029;95809.1796875
2030;2030;93285.3046875
2031;2031;97882.7109375
2032;2032;93826.640625
2033;2033;93802.4140625
2034;2034;91400.21875
2035;2035;90486.3359375
2036;2036;99181.046875
2037;2037;96197.5
2038;2038;95401.9375
2039;2039;92240.015625
2040;2040;94333.78125
2041;2041;98938.546875
2042;2042;88553.53125
2043;2043;99231.390625
2044;2044;96039.5078125
2045;2045;97682.1171875
2046;2046;96787.3203125
2047;2047;97496.625
2048;2048;96186.28125
2049;2049;96775.3203125
2050;2050;97819.515625
2051;2051;97879.734375
2052;2052;93665.9609375
2053;2053;94374.3046875
2054;2054;99782.5703125
2055;2055;98702.90625
2056;2056;96021.4921875
2057;2057;94881.5
2058;2058;98176.2890625
2059;2059;96422.328125
2060;2060;98709.8984375
2061;2061;96051.4453125
2062;2062;97892.4921875
2063;2063;96911.4453125
2064;2064;97610.921875
2065;2065;96756.296875
2066;2066;97745.46875
2067;2067;97535.1953125
2068;2068;93654.875
2069;2069;94015.359375
2070;2070;98378.171875
2071;2071;96203.2578125
2072;2072;97833.453125
2073;2073;93200.8359375
2074;2074;93388.609375
2075;2075;96037.6484375
2076;2076;92537.6796875
2077;2077;92194.984375
2078;2078;95863.796875
2079;2079;97619.6796875
2080;2080;98470.921875
2081;2081;94312.5546875
2082;2082;98373.390625
2083;2083;93691.2890625
2084;2084;101308.703125
2085;2085;98524.578125
2086;2086;99106.546875
2087;2087;100099.2265625
2088;2088;95618.015625
2089;2089;97051.7421875
2090;2090;95571.0625
2091;2091;99999.6171875
2092;2092;96901.25
2093;2093;92525.53125
2094;2094;98053.1640625
2095;2095;97483.734375
2096;2096;99651.828125
2097;2097;92420.6328125
2098;2098;96939.625
2099;2099;98307.125
2100;2100;98259.0625
2101;2101;99432.203125
2102;2102;95528.7734375
2103;2103;93896.4609375
2104;2104;97280.078125
2105;2105;92201.921875
2106;2106;95148.5234375
2107;2107;99586.5859375
2108;2108;94407.421875
2109;2109;99373.328125
2110;2110;97061.3828125
2111;2111;100750.3125
2112;2112;93198.7265625
2113;2113;95382.1796875
2114;2114;97954.03125
2115;2115;98156.09375
2116;2116;96881.4765625
2117;2117;96700.203125
2118;2118;94851.6640625
2119;2119;99832.4375
2120;2120;97653.375
2121;2121;99936.5
2122;2122;97758.0546875
2123;2123;99251.7578125
2124;2124;95738.3046875
2125;2125;100395.890625
2126;2126;96811.6484375
2127;2127;93931.546875
2128;2128;98965.09375
2129;2129;99753.3203125
2130;2130;100034.7109375
2131;2131;95131.6953125
2132;2132;92382.53125
2133;2133;95522.6640625
2134;2134;97195.640625
2135;2135;92372.1484375
2136;2136;97222.140625
2137;2137;98597.4921875
2138;2138;97582.25
2139;2139;95891.1875
2140;2140;96581.125
2141;2141;98306.984375
2142;2142;96559.3203125
2143;2143;94330.5234375
2144;2144;95929.203125
2145;2145;96556.65625
2146;2146;97974.859375
2147;2147;99714.3671875
2148;2148;98395.65625
2149;2149;100356.65625
2150;2150;94445.90625
2151;2151;97679.671875
2152;2152;99929.3046875
2153;2153;95522.015625
2154;2154;96360.9140625
2155;2155;95121.8203125
2156;2156;99375.3359375
2157;2157;95393.859375
2158;2158;95992.5625
2159;2159;98394.1484375
2160;2160;97169.7421875
2161;2161;96017.7109375
2162;2162;98008.203125
2163;2163;100314.7890625
2164;2164;92218.515625
2165;2165;94843.5078125
2166;2166;91839.078125
2167;2167;95291.9765625
2168;2168;96892.4296875
2169;2169;99503.7265625
2170;2170;101105.640625
2171;2171;97913.1796875
2172;2172;99293.1171875
2173;2173;99909.34375
2174;2174;96961.6953125
2175;2175;98257.09375
2176;2176;97374.21875
2177;2177;97226.859375
2178;2178;98271.390625
2179;2179;99066.15625
2180;2180;97235.9765625
2181;2181;98135.3359375
2182;2182;96751.8125
2183;2183;99807.4765625
2184;2184;97646.0
2185;2185;98285.3671875
2186;2186;94939.8515625
2187;2187;97379.625
2188;2188;98604.328125
2189;2189;100838.375
2190;2190;99190.59375
2191;2191;93469.65625
2192;2192;94223.0078125
2193;2193;98691.578125
2194;2194;96467.1875
2195;2195;96217.4140625
2196;2196;103270.6640625
2197;2197;100910.15625
2198;2198;101319.2109375
2199;2199;96135.984375
2200;2200;95370.359375
2201;2201;95788.40625
2202;2202;100662.8828125
2203;2203;97305.4921875
2204;2204;96800.5
2205;2205;99429.390625
2206;2206;95825.671875
2207;2207;96227.1484375
2208;2208;95146.5703125
2209;2209;94594.421875
2210;2210;91881.6484375
2211;2211;98078.3984375
2212;2212;97478.8125
2213;2213;96340.3515625
2214;2214;95831.796875
2215;2215;96917.015625
2216;2216;97967.375
2217;2217;100061.6640625
2218;2218;92421.828125
2219;2219;103058.9765625
2220;2220;95872.8125
2221;2221;98391.0
2222;2222;97419.1328125
2223;2223;97898.84375
2224;2224;101153.3359375
2225;2225;100315.2890625
2226;2226;99957.0859375
2227;2227;94525.515625
2228;2228;101479.5078125
2229;2229;97205.5703125
2230;2230;99262.2734375
2231;2231;99780.2265625
2232;2232;95244.7578125
2233;2233;99654.6875
2234;2234;97186.234375
2235;2235;95087.59375
2236;2236;101150.734375
2237;2237;99873.8359375
2238;2238;100181.3046875
2239;2239;100003.28125
2240;2240;97767.9765625
2241;2241;96186.671875
2242;2242;94041.6171875
2243;2243;95649.625
2244;2244;99455.7265625
2245;2245;95896.75
2246;2246;95792.375
2247;2247;97226.2109375
2248;2248;97287.7421875
2249;2249;96865.7265625
2250;2250;95449.28125
2251;2251;95477.109375
2252;2252;96621.640625
2253;2253;97022.828125
2254;2254;95454.953125
2255;2255;98774.09375
2256;2256;98277.7109375
2257;2257;98423.7578125
2258;2258;98982.109375
2259;2259;99624.0859375
2260;2260;99022.6171875
2261;2261;95466.984375
2262;2262;101132.9140625
2263;2263;96740.609375
2264;2264;98928.6796875
2265;2265;95566.921875
2266;2266;98660.609375
2267;2267;94861.1875
2268;2268;97723.6015625
2269;2269;97709.765625
2270;2270;98979.1328125
2271;2271;98165.421875
2272;2272;97208.1171875
2273;2273;99134.3359375
2274;2274;97070.859375
2275;2275;97854.5625
2276;2276;95627.53125
2277;2277;100788.1328125
2278;2278;99100.15625
2279;2279;97115.4296875
2280;2280;98852.0078125
2281;2281;98778.671875
2282;2282;95639.5625
2283;2283;98234.3046875
2284;2284;94317.7578125
2285;2285;100244.4296875
2286;2286;96190.328125
2287;2287;97823.296875
2288;2288;96805.2890625
2289;2289;103258.1015625
2290;2290;96578.578125
2291;2291;98060.953125
2292;2292;98619.5390625
2293;2293;95669.203125
2294;2294;93738.4140625
2295;2295;96969.046875
2296;2296;95279.1484375
2297;2297;97563.15625
2298;2298;99784.7890625
2299;2299;93774.5078125
2300;2300;94356.34375
2301;2301;100237.9453125
2302;2302;96641.578125
2303;2303;92333.6484375
2304;2304;95706.109375
2305;2305;95450.375
2306;2306;98072.046875
2307;2307;95469.734375
2308;2308;95693.2109375
2309;2309;97597.171875
2310;2310;97738.34375
2311;2311;99925.5
2312;2312;98325.0078125
2313;2313;97635.859375
2314;2314;99722.1015625
2315;2315;98040.078125
2316;2316;94848.09375
2317;2317;98404.03125
2318;2318;101339.359375
2319;2319;96973.46875
2320;2320;96168.9453125
2321;2321;96610.390625
2322;2322;93829.4609375
2323;2323;94172.25
2324;2324;99452.4375
2325;2325;98293.78125
2326;2326;99428.125
2327;2327;100627.0625
2328;2328;101219.234375
2329;2329;95765.1171875
2330;2330;97831.265625
2331;2331;97469.7890625
2332;2332;99170.4375
2333;2333;99506.4296875
2334;2334;97773.6796875
2335;2335;98388.1015625
2336;2336;97987.9140625
2337;2337;98793.3359375
2338;2338;100416.109375
2339;2339;95730.0546875
2340;2340;96278.8125
2341;2341;97945.8046875
2342;2342;96646.765625
2343;2343;98409.625
2344;2344;100263.734375
2345;2345;99015.75
2346;2346;99377.515625
2347;2347;100886.5546875
2348;2348;98264.8515625
2349;2349;99048.6640625
2350;2350;98514.765625
2351;2351;93232.578125
2352;2352;99796.8671875
2353;2353;96889.703125
2354;2354;95572.1484375
2355;2355;99920.3515625
2356;2356;97880.125
2357;2357;97041.0078125
2358;2358;99060.0234375
2359;2359;101576.671875
2360;2360;94613.375
2361;2361;97700.625
2362;2362;101175.8828125
2363;2363;98828.203125
2364;2364;99418.015625
2365;2365;98533.625
2366;2366;99576.828125
2367;2367;96530.6875
2368;2368;101038.15625
2369;2369;100119.046875
2370;2370;99112.9609375
2371;2371;100355.6171875
2372;2372;95014.2578125
2373;2373;102870.125
2374;2374;97781.375
2375;2375;99680.359375
2376;2376;96792.734375
2377;2377;99342.09375
2378;2378;96796.2734375
2379;2379;94015.9921875
2380;2380;101729.171875
2381;2381;98619.109375
2382;2382;99349.0078125
2383;2383;95444.6875
2384;2384;101110.0703125
2385;2385;100132.78125
2386;2386;97535.625
2387;2387;95009.1171875
2388;2388;97058.4453125
2389;2389;99164.7578125
2390;2390;96826.3046875
2391;2391;97053.0390625
2392;2392;95774.1875
2393;2393;97076.84375
2394;2394;97573.5390625
2395;2395;103652.2265625
2396;2396;96799.8203125
2397;2397;96459.171875
2398;2398;96236.359375
2399;2399;96174.6015625
2400;2400;103275.953125
2401;2401;97059.40625
2402;2402;96887.4453125
2403;2403;96059.7421875
2404;2404;97253.359375
2405;2405;99580.375
2406;2406;96369.875
2407;2407;99660.953125
2408;2408;96618.671875
2409;2409;97178.7578125
2410;2410;102793.5
2411;2411;96288.65625
2412;2412;98675.265625
2413;2413;99716.6796875
2414;2414;96317.625
2415;2415;97363.625
2416;2416;96427.390625
2417;2417;93258.640625
2418;2418;99389.8984375
2419;2419;98824.5859375
2420;2420;98934.7578125
2421;2421;97598.625
2422;2422;95886.0078125
2423;2423;96030.2578125
2424;2424;97828.671875
2425;2425;97402.703125
2426;2426;98356.9140625
2427;2427;100325.0703125
2428;2428;100838.46875
2429;2429;99387.625
2430;2430;96883.15625
2431;2431;99854.2265625
2432;2432;98221.078125
2433;2433;102386.5625
2434;2434;95900.2265625
2435;2435;97953.2109375
2436;2436;102460.5859375
2437;2437;100197.34375
2438;2438;97757.7734375
2439;2439;98947.890625
2440;2440;97963.9609375
2441;2441;100801.15625
2442;2442;94034.34375
2443;2443;100749.1640625
2444;2444;96937.65625
2445;2445;96562.109375
2446;2446;98479.765625
2447;2447;98561.953125
2448;2448;97491.6328125
2449;2449;93357.5859375
2450;2450;96602.2265625
2451;2451;95394.5078125
2452;2452;98157.125
2453;2453;97818.3125
2454;2454;97845.203125
2455;2455;97677.7109375
2456;2456;93977.6953125
2457;2457;96903.3125
2458;2458;99962.453125
2459;2459;95284.6640625
2460;2460;99717.0390625
2461;2461;101927.953125
2462;2462;96643.0
2463;2463;97704.9140625
2464;2464;99641.296875
2465;2465;100371.953125
2466;2466;96016.8515625
2467;2467;100257.828125
2468;2468;100322.578125
2469;2469;98241.4375
2470;2470;97135.0625
2471;2471;96525.859375
2472;2472;100077.2265625
2473;2473;99315.4453125
2474;2474;101423.3125
2475;2475;93909.5234375
2476;2476;99561.859375
2477;2477;97599.328125
2478;2478;95527.640625
2479;2479;94792.3046875
2480;2480;99801.859375
2481;2481;95936.25
2482;2482;102457.7421875
2483;2483;96111.9453125
2484;2484;98072.59375
2485;2485;100121.1875
2486;2486;98768.265625
2487;2487;103309.5703125
2488;2488;97409.46875
2489;2489;100288.8203125
2490;2490;100214.21875
2491;2491;96964.0
2492;2492;102139.84375
2493;2493;99028.6953125
2494;2494;101688.078125
2495;2495;97926.9296875
2496;2496;98260.5
2497;2497;100796.375
2498;2498;95382.4609375
2499;2499;97959.9453125
2500;2500;101185.671875
2501;2501;102671.0546875
2502;2502;98524.203125
2503;2503;100609.4375
2504;2504;99139.8203125
2505;2505;96723.515625
2506;2506;98062.375
2507;2507;101526.359375
2508;2508;96653.9609375
2509;2509;95191.6953125
2510;2510;96758.4296875
2511;2511;91218.984375
2512;2512;93572.921875
2513;2513;100498.0546875
2514;2514;99675.4453125
2515;2515;100212.9296875
2516;2516;97923.640625
2517;2517;100647.9453125
2518;2518;100714.75
2519;2519;103129.6171875
2520;2520;98441.71875
2521;2521;99725.21875
2522;2522;96023.5390625
2523;2523;98645.03125
2524;2524;100594.1640625
2525;2525;96324.9296875
2526;2526;98048.6328125
2527;2527;99495.125
2528;2528;101539.5234375
2529;2529;96307.9921875
2530;2530;96750.8203125
2531;2531;100046.765625
2532;2532;99005.0625
2533;2533;98972.1171875
2534;2534;101344.6484375
2535;2535;98349.203125
2536;2536;99134.8125
2537;2537;100311.7890625
2538;2538;96450.1171875
2539;2539;101117.671875
2540;2540;99739.484375
2541;2541;96850.8125
2542;2542;96683.96875
2543;2543;97270.375
2544;2544;100446.25
2545;2545;97040.359375
2546;2546;95856.671875
2547;2547;98791.8359375
2548;2548;99209.3671875
2549;2549;99925.7578125
2550;2550;96279.53125
2551;2551;97618.0703125
2552;2552;99111.390625
2553;2553;98203.0703125
2554;2554;97585.640625
2555;2555;99804.78125
2556;2556;99869.890625
2557;2557;100742.375
2558;2558;100097.6328125
2559;2559;97474.7578125
2560;2560;95836.3984375
2561;2561;95682.828125
2562;2562;101973.21875
2563;2563;98301.8984375
2564;2564;100239.25
2565;2565;92875.3984375
2566;2566;96015.1484375
2567;2567;98811.953125
2568;2568;102512.015625
2569;2569;97621.484375
2570;2570;99253.3203125
2571;2571;98039.8828125
2572;2572;96622.421875
2573;2573;101726.8828125
2574;2574;97114.3515625
2575;2575;96602.6875
2576;2576;98259.796875
2577;2577;99443.640625
2578;2578;99634.4453125
2579;2579;95247.0234375
2580;2580;97737.9375
2581;2581;98337.8125
2582;2582;101640.7421875
2583;2583;99666.09375
2584;2584;99702.0859375
2585;2585;99438.8984375
2586;2586;99139.8046875
2587;2587;98888.1796875
2588;2588;100374.8046875
2589;2589;95652.8046875
2590;2590;97310.609375
2591;2591;97413.2109375
2592;2592;100198.46875
2593;2593;101042.0703125
2594;2594;96909.828125
2595;2595;98705.7890625
2596;2596;99896.5
2597;2597;99521.6328125
2598;2598;100797.4921875
2599;2599;97572.625
2600;2600;94940.78125
2601;2601;101618.28125
2602;2602;98913.171875
2603;2603;100046.421875
2604;2604;97871.3828125
2605;2605;97921.9140625
2606;2606;97799.2109375
2607;2607;99912.453125
2608;2608;101038.15625
2609;2609;101573.828125
2610;2610;100073.3359375
2611;2611;101006.9609375
2612;2612;102255.46875
2613;2613;97328.046875
2614;2614;100724.59375
2615;2615;99128.09375
2616;2616;102274.5
2617;2617;99620.0546875
2618;2618;100201.2265625
2619;2619;99620.0390625
2620;2620;100297.859375
2621;2621;100178.4375
2622;2622;99294.9296875
2623;2623;99587.21875
2624;2624;99653.3203125
2625;2625;102702.15625
2626;2626;98306.375
2627;2627;98335.953125
2628;2628;99594.0078125
2629;2629;97010.9921875
2630;2630;99841.9140625
2631;2631;98375.9140625
2632;2632;99220.0078125
2633;2633;99587.640625
2634;2634;102327.375
2635;2635;92352.7265625
2636;2636;99364.9765625
2637;2637;98317.640625
2638;2638;98865.578125
2639;2639;98774.6015625
2640;2640;100581.2734375
2641;2641;99062.609375
2642;2642;100280.9765625
2643;2643;98580.09375
2644;2644;98331.53125
2645;2645;98340.96875
2646;2646;100254.5546875
2647;2647;102110.578125
2648;2648;98554.453125
2649;2649;94289.0234375
2650;2650;97449.9609375
2651;2651;101207.3125
2652;2652;100278.0546875
2653;2653;98507.3984375
2654;2654;102295.375
2655;2655;100016.8984375
2656;2656;98122.6484375
2657;2657;100623.703125
2658;2658;99515.5234375
2659;2659;103820.1875
2660;2660;97165.7265625
2661;2661;100096.671875
2662;2662;98693.7109375
2663;2663;97533.421875
2664;2664;99220.7265625
2665;2665;98422.78125
2666;2666;99754.8203125
2667;2667;99610.5703125
2668;2668;99623.9296875
2669;2669;100068.8125
2670;2670;99586.1875
2671;2671;98907.03125
2672;2672;100740.4296875
2673;2673;98496.8984375
2674;2674;100333.046875
2675;2675;101619.7421875
2676;2676;102623.828125
2677;2677;98421.7109375
2678;2678;102714.7109375
2679;2679;102183.9921875
2680;2680;99482.15625
2681;2681;96522.0703125
2682;2682;101201.5
2683;2683;102401.7578125
2684;2684;97368.7421875
2685;2685;100809.609375
2686;2686;100095.515625
2687;2687;100689.109375
2688;2688;96856.1171875
2689;2689;102042.5625
2690;2690;96880.6171875
2691;2691;95930.828125
2692;2692;100053.171875
2693;2693;100029.078125
2694;2694;98886.3359375
2695;2695;96238.484375
2696;2696;102621.6015625
2697;2697;99990.328125
2698;2698;97519.3828125
2699;2699;100620.734375
2700;2700;100532.1875
2701;2701;101444.828125
2702;2702;95728.125
2703;2703;100259.2265625
2704;2704;101352.375
2705;2705;103849.25
2706;2706;104331.75
2707;2707;102750.625
2708;2708;97754.8359375
2709;2709;99439.375
2710;2710;99330.359375
2711;2711;99733.9140625
2712;2712;96515.8515625
2713;2713;97605.90625
2714;2714;99563.609375
2715;2715;97478.6171875
2716;2716;96407.3671875
2717;2717;103130.7421875
2718;2718;99423.5625
2719;2719;103289.78125
2720;2720;104862.84375
2721;2721;96100.84375
2722;2722;99436.171875
2723;2723;98340.890625
2724;2724;93307.84375
2725;2725;100069.4375
2726;2726;100016.859375
2727;2727;100995.875
2728;2728;98519.2734375
2729;2729;102643.7578125
2730;2730;100508.1953125
2731;2731;101318.6328125
2732;2732;100130.546875
2733;2733;97741.1171875
2734;2734;99877.09375
2735;2735;101524.921875
2736;2736;96269.0234375
2737;2737;98798.09375
2738;2738;99439.25
2739;2739;99560.9140625
2740;2740;98953.4296875
2741;2741;95877.5078125
2742;2742;100451.8515625
2743;2743;98834.21875
2744;2744;99458.1171875
2745;2745;95923.515625
2746;2746;101464.640625
2747;2747;98944.9921875
2748;2748;100625.9296875
2749;2749;99164.0
2750;2750;101475.7734375
2751;2751;101654.53125
2752;2752;96586.7890625
2753;2753;99708.2421875
2754;2754;100931.9921875
2755;2755;104478.9921875
2756;2756;96980.734375
2757;2757;99375.4296875
2758;2758;102555.9609375
2759;2759;98745.6171875
2760;2760;99726.7734375
2761;2761;98590.328125
2762;2762;103468.03125
2763;2763;98338.53125
2764;2764;100723.3359375
2765;2765;98492.2890625
2766;2766;96314.6953125
2767;2767;104881.3203125
2768;2768;99578.578125
2769;2769;96621.8359375
2770;2770;103665.453125
2771;2771;102426.984375
2772;2772;98273.5078125
2773;2773;98085.28125
2774;2774;99257.65625
2775;2775;101676.4296875
2776;2776;102056.2734375
2777;2777;98828.21875
2778;2778;101076.5078125
2779;2779;99937.7578125
2780;2780;99260.234375
2781;2781;97990.984375
2782;2782;99493.1171875
2783;2783;98857.3984375
2784;2784;102081.6640625
2785;2785;102151.3203125
2786;2786;100648.2421875
2787;2787;101908.78125
2788;2788;100647.015625
2789;2789;97846.421875
2790;2790;99824.1171875
2791;2791;99904.4921875
2792;2792;99576.359375
2793;2793;99264.75
2794;2794;100628.7890625
2795;2795;101670.8515625
2796;2796;102479.421875
2797;2797;100894.609375
2798;2798;102286.78125
2799;2799;102033.5859375
2800;2800;100293.1328125
2801;2801;100739.2734375
2802;2802;99881.21875
2803;2803;105057.2890625
2804;2804;102230.5
2805;2805;100358.5625
2806;2806;98463.3515625
2807;2807;101731.21875
2808;2808;102498.734375
2809;2809;98321.0
2810;2810;100528.234375
2811;2811;101090.8515625
2812;2812;104232.4765625
2813;2813;102502.0625
2814;2814;98619.46875
2815;2815;102236.140625
2816;2816;102571.2890625
2817;2817;100275.90625
2818;2818;98151.0390625
2819;2819;99672.6640625
2820;2820;102980.5390625
2821;2821;99871.953125
2822;2822;97999.1953125
2823;2823;100717.6015625
2824;2824;103991.0
2825;2825;101505.4453125
2826;2826;101562.7578125
2827;2827;102996.4921875
2828;2828;100399.296875
2829;2829;102725.3046875
2830;2830;97848.2890625
2831;2831;100091.03125
2832;2832;99085.1875
2833;2833;52855.640625
2834;2834;1530916.875
2835;2835;1519433.75
2836;2836;1533558.75
2837;2837;1540253.875
2838;2838;1534399.625
2839;2839;1646224.75
2840;2840;1658452.625
2841;2841;1661888.0
2842;2842;1694210.0
2843;2843;1622445.0