0;0;48935.48046875
1;1;49696.6171875
2;2;49955.421875
3;3;49732.09375
4;4;48689.6796875
5;5;48748.171875
6;6;50069.734375
7;7;48103.796875
8;8;47046.71875
9;9;48998.3046875
10;10;47631.23828125
11;11;49862.67578125
12;12;49525.390625
13;13;48289.81640625
14;14;49306.73828125
15;15;49630.78515625
16;16;49271.0078125
17;17;50989.42578125
18;18;50617.4921875
19;19;48763.7109375
20;20;49574.359375
21;21;50172.76953125
22;22;48617.296875
23;23;48089.234375
24;24;48194.13671875
25;25;48418.69921875
26;26;50306.15625
27;27;50960.015625
28;28;50384.3359375
29;29;50002.703125
30;30;49827.6796875
31;31;49881.34375
32;32;50121.5546875
33;33;50792.40625
34;34;50883.5390625
35;35;51793.1015625
36;36;51542.1171875
37;37;49473.078125
38;38;51991.6640625
39;39;50983.28125
40;40;52403.8515625
41;41;50135.8359375
42;42;50747.625
43;43;53412.15234375
44;44;52733.9140625
45;45;53724.8984375
46;46;52748.94140625
47;47;52855.6328125
48;48;52571.953125
49;49;52606.33203125
50;50;54389.58203125
51;51;53977.3125
52;52;53263.8828125
53;53;54453.34765625
54;54;52293.3828125
55;55;52992.7734375
56;56;53461.6796875
57;57;57061.2109375
58;58;55661.640625
59;59;56980.16796875
60;60;57082.8359375
61;61;57736.5859375
62;62;58020.06640625
63;63;57007.2421875
64;64;57270.76171875
65;65;57226.2265625
66;66;57505.6015625
67;67;56463.671875
68;68;60017.58984375
69;69;62741.65234375
70;70;61040.390625
71;71;61414.828125
72;72;61176.80078125
73;73;59136.6328125
74;74;60220.390625
75;75;59917.3671875
76;76;58854.2890625
77;77;64582.0703125
78;78;60389.12890625
79;79;61215.265625
80;80;63038.17578125
81;81;61847.1015625
82;82;63097.109375
83;83;62186.87890625
84;84;62082.5703125
85;85;62168.578125
86;86;62460.73828125
87;87;62834.7421875
88;88;62378.515625
89;89;64199.359375
90;90;62719.23828125
91;91;63242.8828125
92;92;65093.8984375
93;93;64443.03515625
94;94;64517.1015625
95;95;64598.9296875
96;96;67132.9375
97;97;65481.62109375
98;98;65882.359375
99;99;63938.75
100;100;65033.1796875
101;101;63628.65625
102;102;67680.5
103;103;66680.609375
104;104;68366.40625
105;105;65682.96875
106;106;65069.87890625
107;107;65771.5390625
108;108;64300.734375
109;109;68329.453125
110;110;65997.8046875
111;111;66498.203125
112;112;63968.828125
113;113;66975.203125
114;114;65972.953125
115;115;66639.921875
116;116;66935.5390625
117;117;69800.5546875
118;118;66977.53125
119;119;68164.34375
120;120;67517.9765625
121;121;69854.8359375
122;122;70172.859375
123;123;68840.421875
124;124;67884.1484375
125;125;68693.7890625
126;126;68166.8125
127;127;69310.9609375
128;128;64185.9921875
129;129;67078.828125
130;130;67311.0234375
131;131;67688.046875
132;132;67677.7734375
133;133;68514.9140625
134;134;66899.71875
135;135;67011.9765625
136;136;67913.828125
137;137;69771.078125
138;138;68033.6328125
139;139;69060.4921875
140;140;70076.7265625
141;141;67253.3359375
142;142;68321.0546875
143;143;66854.2578125
144;144;70785.9453125
145;145;69727.203125
146;146;70760.828125
147;147;71057.5390625
148;148;69365.25
149;149;64883.9140625
150;150;68898.5546875
151;151;66684.3515625
152;152;69958.1875
153;153;66734.7421875
154;154;68587.40625
155;155;68791.875
156;156;70354.4375
157;157;72238.421875
158;158;67451.8203125
159;159;70951.0703125
160;160;71304.1328125
161;161;71698.5
162;162;71555.5234375
163;163;72928.296875
164;164;68986.78125
165;165;73043.0546875
166;166;69233.78125
167;167;67159.1640625
168;168;70659.4921875
169;169;70195.75
170;170;69951.484375
171;171;70444.9609375
172;172;70396.578125
173;173;70474.828125
174;174;67205.890625
175;175;70722.7578125
176;176;71853.78125
177;177;71285.375
178;178;72042.609375
179;179;67266.3515625
180;180;69174.6953125
181;181;68082.765625
182;182;67333.5234375
183;183;67930.1875
184;184;68718.4140625
185;185;71487.515625
186;186;66593.921875
187;187;71797.515625
188;188;66933.796875
189;189;72293.09375
190;190;67283.6953125
191;191;70104.5390625
192;192;68518.921875
193;193;66946.765625
194;194;69822.703125
195;195;69311.375
196;196;69535.9453125
197;197;68942.59375
198;198;72306.8359375
199;199;72376.796875
200;200;69275.1328125
201;201;71990.0703125
202;202;73210.890625
203;203;72782.203125
204;204;73957.609375
205;205;71534.25
206;206;69947.828125
207;207;71880.875
208;208;71280.5546875
209;209;73723.484375
210;210;69670.421875
211;211;70662.9609375
212;212;71893.625
213;213;70505.0234375
214;214;73077.71875
215;215;73423.40625
216;216;73846.8359375
217;217;71250.625
218;218;66615.8671875
219;219;70612.7421875
220;220;70771.734375
221;221;71890.953125
222;222;72741.9140625
223;223;69364.859375
224;224;73632.5
225;225;72440.671875
226;226;74451.4609375
227;227;71204.265625
228;228;72470.6640625
229;229;71392.9453125
230;230;69515.28125
231;231;74789.3203125
232;232;72771.2734375
233;233;70343.6953125
234;234;69951.7578125
235;235;73165.1171875
236;236;71826.984375
237;237;75127.703125
238;238;71865.546875
239;239;73938.9765625
240;240;70234.5390625
241;241;70637.5625
242;242;72614.53125
243;243;73301.3671875
244;244;69299.828125
245;245;73698.75
246;246;72130.3671875
247;247;70860.296875
248;248;69356.9609375
249;249;67905.71875
250;250;71734.46875
251;251;73047.9765625
252;252;72092.5
253;253;70305.2265625
254;254;71208.4140625
255;255;70670.609375
256;256;73185.0
257;257;69674.2109375
258;258;70068.1875
259;259;72807.078125
260;260;71172.0546875
261;261;71071.6640625
262;262;71300.484375
263;263;71395.2421875
264;264;74684.6171875
265;265;73268.5390625
266;266;76176.765625
267;267;71468.4140625
268;268;69599.8046875
269;269;73379.046875
270;270;71264.5234375
271;271;70869.3671875
272;272;72602.078125
273;273;70497.5625
274;274;71898.8125
275;275;72391.875
276;276;70822.484375
277;277;71724.515625
278;278;74196.6015625
279;279;72334.359375
280;280;71479.3125
281;281;74553.984375
282;282;74339.75
283;283;68756.296875
284;284;73206.0390625
285;285;70900.6875
286;286;71236.03125
287;287;71192.515625
288;288;70648.421875
289;289;70510.90625
290;290;70327.7734375
291;291;73817.7734375
292;292;73565.0625
293;293;73335.984375
294;294;73153.5703125
295;295;71647.7734375
296;296;74732.1015625
297;297;72935.9140625
298;298;69619.7578125
299;299;73631.3671875
300;300;76305.6953125
301;301;74052.5
302;302;75115.46875
303;303;72899.140625
304;304;72993.984375
305;305;73457.359375
306;306;73990.5234375
307;307;72373.625
308;308;73068.4375
309;309;73269.1875
310;310;75160.9296875
311;311;74898.53125
312;312;72936.5078125
313;313;75622.703125
314;314;72681.921875
315;315;71977.6015625
316;316;74362.0859375
317;317;73025.9453125
318;318;71487.78125
319;319;72394.3046875
320;320;73234.078125
321;321;73151.4609375
322;322;75451.328125
323;323;72952.328125
324;324;73772.921875
325;325;71592.5703125
326;326;73656.4921875
327;327;72465.90625
328;328;71061.3515625
329;329;69324.21875
330;330;69040.9765625
331;331;72285.90625
332;332;72343.3359375
333;333;72174.15625
334;334;71280.3046875
335;335;73018.09375
336;336;70809.078125
337;337;74110.2265625
338;338;72608.71875
339;339;69405.4609375
340;340;76618.140625
341;341;74478.6640625
342;342;72776.1328125
343;343;74895.4296875
344;344;73549.34375
345;345;71445.890625
346;346;70985.1171875
347;347;74587.171875
348;348;73992.9609375
349;349;75398.453125
350;350;76700.859375
351;351;74857.3984375
352;352;72935.796875
353;353;73658.421875
354;354;71979.40625
355;355;72722.125
356;356;72091.9140625
357;357;72675.6875
358;358;70833.703125
359;359;73793.90625
360;360;73983.6171875
361;361;75908.328125
362;362;75429.390625
363;363;74274.2734375
364;364;72399.1328125
365;365;74908.09375
366;366;69804.6484375
367;367;74049.8046875
368;368;74001.90625
369;369;76199.40625
370;370;72728.6171875
371;371;75760.1484375
372;372;70930.5546875
373;373;72923.453125
374;374;73761.234375
375;375;73396.5390625
376;376;72970.7421875
377;377;72324.328125
378;378;75629.9453125
379;379;74779.9375
380;380;74827.421875
381;381;76511.5390625
382;382;75675.3046875
383;383;74503.4375
384;384;73909.859375
385;385;73484.3671875
386;386;74399.59375
387;387;73516.640625
388;388;76842.703125
389;389;75070.25
390;390;76306.5390625
391;391;74625.171875
392;392;70363.65625
393;393;73485.0390625
394;394;73762.375
395;395;73915.4140625
396;396;71777.765625
397;397;73680.1796875
398;398;72202.0
399;399;71019.0859375
400;400;73139.25
401;401;74851.5234375
402;402;74079.625
403;403;71704.4609375
404;404;75375.46875
405;405;75087.359375
406;406;74160.453125
407;407;70434.8359375
408;408;73413.5859375
409;409;71096.78125
410;410;76425.03125
411;411;75384.1015625
412;412;74079.9609375
413;413;75944.6171875
414;414;74907.9140625
415;415;77824.8515625
416;416;71726.046875
417;417;72756.3984375
418;418;72901.1328125
419;419;75777.65625
420;420;70660.515625
421;421;74891.34375
422;422;77325.7890625
423;423;74876.7109375
424;424;73886.328125
425;425;75411.296875
426;426;78284.421875
427;427;74552.28125
428;428;77294.8828125
429;429;73445.296875
430;430;75012.1015625
431;431;75917.5078125
432;432;74124.53125
433;433;75930.3203125
434;434;75762.96875
435;435;72681.3203125
436;436;75739.296875
437;437;75088.03125
438;438;79700.0546875
439;439;74930.25
440;440;75323.953125
441;441;76049.734375
442;442;74887.0546875
443;443;74885.15625
444;444;74132.4765625
445;445;77300.0703125
446;446;74959.359375
447;447;75789.453125
448;448;74925.140625
449;449;77028.2265625
450;450;75237.40625
451;451;74779.578125
452;452;75787.734375
453;453;76229.5234375
454;454;77114.390625
455;455;75934.0234375
456;456;75534.0
457;457;71946.78125
458;458;75587.21875
459;459;75924.375
460;460;76630.4921875
461;461;74171.0
462;462;75746.1484375
463;463;78949.90625
464;464;74691.5390625
465;465;72029.0546875
466;466;73183.671875
467;467;72860.8671875
468;468;76190.5
469;469;74780.84375
470;470;72680.546875
471;471;72457.03125
472;472;76029.125
473;473;76152.703125
474;474;73664.234375
475;475;73829.6796875
476;476;77284.0390625
477;477;75951.546875
478;478;77322.15625
479;479;72199.640625
480;480;75890.625
481;481;75489.296875
482;482;73347.1015625
483;483;72279.9375
484;484;76004.4609375
485;485;75122.921875
486;486;76354.671875
487;487;74950.3203125
488;488;71826.6484375
489;489;74416.609375
490;490;74936.3828125
491;491;75946.1328125
492;492;76587.96875
493;493;75826.609375
494;494;73633.578125
495;495;75438.3203125
496;496;75571.8515625
497;497;77486.5078125
498;498;74515.5390625
499;499;75701.9453125
500;500;76350.53125
501;501;74819.3828125
502;502;72813.234375
503;503;80089.8203125
504;504;76163.203125
505;505;78152.734375
506;506;79183.140625
507;507;72450.765625
508;508;72854.3046875
509;509;77623.671875
510;510;73315.03125
511;511;77354.46875
512;512;76804.2734375
513;513;76654.6796875
514;514;77420.8984375
515;515;77755.59375
516;516;76061.640625
517;517;71801.2734375
518;518;76552.078125
519;519;76562.3671875
520;520;78730.3359375
521;521;76232.0546875
522;522;78019.828125
523;523;78412.0
524;524;75586.0859375
525;525;76784.3515625
526;526;78709.9921875
527;527;75126.28125
528;528;74408.359375
529;529;76929.3359375
530;530;77618.234375
531;531;75900.3203125
532;532;75259.0625
533;533;76201.390625
534;534;74908.609375
535;535;75219.8046875
536;536;76801.8671875
537;537;75798.84375
538;538;77939.8125
539;539;77050.78125
540;540;75668.25
541;541;78733.3359375
542;542;77322.7421875
543;543;79772.9296875
544;544;77118.5859375
545;545;78657.0
546;546;79600.3203125
547;547;77159.75
548;548;77988.171875
549;549;75819.453125
550;550;76789.171875
551;551;77415.4453125
552;552;75110.859375
553;553;77240.328125
554;554;75735.40625
555;555;77907.71875
556;556;78749.3125
557;557;79476.09375
558;558;74707.6796875
559;559;77007.84375
560;560;78681.5625
561;561;75602.8203125
562;562;75035.84375
563;563;77168.8046875
564;564;74743.890625
565;565;74565.265625
566;566;75379.6484375
567;567;74705.2265625
568;568;75115.046875
569;569;75287.546875
570;570;78144.0546875
571;571;75760.0703125
572;572;75374.84375
573;573;74878.9609375
574;574;76239.03125
575;575;76204.5859375
576;576;77640.1015625
577;577;78493.078125
578;578;77469.3125
579;579;78168.09375
580;580;77460.125
581;581;77318.9921875
582;582;77656.328125
583;583;74898.828125
584;584;76319.796875
585;585;77050.8125
586;586;78833.421875
587;587;75376.015625
588;588;74927.75
589;589;76160.9296875
590;590;76903.046875
591;591;79395.9921875
592;592;77633.8515625
593;593;75120.890625
594;594;77241.921875
595;595;77857.6328125
596;596;80276.5703125
597;597;76673.8984375
598;598;80606.859375
599;599;80015.84375
600;600;78535.171875
601;601;72420.5625
602;602;77434.2578125
603;603;76310.2890625
604;604;78822.5625
605;605;76422.6953125
606;606;78288.6171875
607;607;77231.6953125
608;608;79447.2578125
609;609;79803.296875
610;610;78751.109375
611;611;76772.015625
612;612;73286.2265625
613;613;77884.84375
614;614;77058.25
615;615;79866.8359375
616;616;76861.7578125
617;617;80501.5
618;618;77677.046875
619;619;75526.8125
620;620;73765.1875
621;621;78013.234375
622;622;75218.9609375
623;623;77132.5390625
624;624;80861.09375
625;625;79829.875
626;626;79385.7421875
627;627;81700.7734375
628;628;75532.6015625
629;629;79577.484375
630;630;78824.34375
631;631;76102.8671875
632;632;76674.2578125
633;633;77651.296875
634;634;78668.125
635;635;76859.4765625
636;636;78147.84375
637;637;76062.6640625
638;638;76149.859375
639;639;75492.234375
640;640;78895.9296875
641;641;79092.296875
642;642;74193.03125
643;643;78982.0
644;644;77192.0625
645;645;78818.734375
646;646;75307.328125
647;647;77944.0
648;648;77609.09375
649;649;77716.3515625
650;650;75432.625
651;651;77289.484375
652;652;77751.203125
653;653;75190.3359375
654;654;79608.84375
655;655;76551.5078125
656;656;76969.8359375
657;657;72864.4921875
658;658;78276.359375
659;659;79259.75
660;660;78059.21875
661;661;75404.203125
662;662;77437.578125
663;663;78842.109375
664;664;76040.3671875
665;665;77232.953125
666;666;76427.703125
667;667;76742.4921875
668;668;75726.2265625
669;669;81367.453125
670;670;78201.5546875
671;671;80925.2890625
672;672;77416.078125
673;673;79125.2890625
674;674;75002.8125
675;675;79252.703125
676;676;78933.765625
677;677;74764.515625
678;678;77141.8828125
679;679;78130.3828125
680;680;79990.1328125
681;681;77265.109375
682;682;79381.75
683;683;76936.5
684;684;80695.6171875
685;685;77600.03125
686;686;75831.8203125
687;687;76784.9140625
688;688;75561.0703125
689;689;76857.6171875
690;690;77472.9375
691;691;76842.890625
692;692;79684.4375
693;693;78424.65625
694;694;78874.9375
695;695;78777.8828125
696;696;79004.2578125
697;697;77623.03125
698;698;79690.4375
699;699;79873.6640625
700;700;79947.75
701;701;79760.1015625
702;702;80320.515625
703;703;76440.15625
704;704;79018.3671875
705;705;78492.2109375
706;706;74771.03125
707;707;79975.1171875
708;708;81249.09375
709;709;80135.671875
710;710;78952.65625
711;711;80680.4453125
712;712;80793.9609375
713;713;78045.90625
714;714;80543.6640625
715;715;75984.375
716;716;77841.8984375
717;717;79556.796875
718;718;78806.84375
719;719;81052.78125
720;720;77254.953125
721;721;79034.734375
722;722;78660.640625
723;723;79112.6171875
724;724;79197.9921875
725;725;79849.2109375
726;726;77924.328125
727;727;81104.8359375
728;728;80628.078125
729;729;78976.96875
730;730;75256.8046875
731;731;76535.3359375
732;732;76802.4375
733;733;80061.140625
734;734;77652.1171875
735;735;77902.625
736;736;79581.375
737;737;77080.296875
738;738;77955.890625
739;739;78445.515625
740;740;82354.5078125
741;741;78112.1640625
742;742;76382.703125
743;743;81059.03125
744;744;75837.875
745;745;77493.9296875
746;746;80734.8671875
747;747;80251.6796875
748;748;79195.90625
749;749;79725.671875
750;750;77627.890625
751;751;81053.2109375
752;752;78060.0390625
753;753;76312.40625
754;754;81380.140625
755;755;80850.953125
756;756;80535.5390625
757;757;78459.3046875
758;758;79376.7421875
759;759;79765.140625
760;760;77487.7578125
761;761;76037.671875
762;762;77692.2578125
763;763;74996.1953125
764;764;80130.1875
765;765;80805.890625
766;766;76301.828125
767;767;81638.5078125
768;768;76992.0703125
769;769;79558.6328125
770;770;79603.28125
771;771;77615.5703125
772;772;80911.3125
773;773;81271.8125
774;774;78174.0625
775;775;76782.234375
776;776;76910.2109375
777;777;81555.46875
778;778;80692.8359375
779;779;78410.109375
780;780;78455.5625
781;781;81334.203125
782;782;81561.78125
783;783;76137.2734375
784;784;78782.3203125
785;785;80197.171875
786;786;77268.7890625
787;787;80003.1171875
788;788;78664.8359375
789;789;78833.796875
790;790;74798.40625
791;791;76344.0390625
792;792;75367.34375
793;793;81202.53125
794;794;77741.4140625
795;795;83071.3359375
796;796;80268.25
797;797;77817.59375
798;798;78820.015625
799;799;79948.3125
800;800;81438.8671875
801;801;77897.7734375
802;802;82826.109375
803;803;82417.4375
804;804;79513.1484375
805;805;78886.59375
806;806;77131.203125
807;807;77924.1953125
808;808;78291.875
809;809;79354.3046875
810;810;76382.390625
811;811;75871.53125
812;812;76814.5234375
813;813;80580.890625
814;814;75567.390625
815;815;77680.8125
816;816;81464.21875
817;817;80288.9140625
818;818;80594.953125
819;819;81500.578125
820;820;78831.3828125
821;821;77270.765625
822;822;77995.765625
823;823;80857.296875
824;824;80872.5078125
825;825;80514.7890625
826;826;79479.234375
827;827;82111.5546875
828;828;78865.375
829;829;79476.7890625
830;830;79069.921875
831;831;82611.7109375
832;832;80619.21875
833;833;77274.9609375
834;834;75914.9140625
835;835;80337.3984375
836;836;83514.59375
837;837;80880.1015625
838;838;81256.84375
839;839;79173.046875
840;840;81832.296875
841;841;81733.1796875
842;842;80916.4375
843;843;79111.015625
844;844;82025.8125
845;845;79242.34375
846;846;78219.171875
847;847;80457.8125
848;848;78784.875
849;849;80119.2421875
850;850;81032.109375
851;851;80035.8203125
852;852;83929.8203125
853;853;82136.2109375
854;854;80559.6171875
855;855;77004.5078125
856;856;80268.890625
857;857;77499.421875
858;858;79437.0
859;859;79811.9765625
860;860;78753.3125
861;861;80522.6953125
862;862;81633.75
863;863;85087.5078125
864;864;78570.3671875
865;865;80708.953125
866;866;80105.703125
867;867;78138.5546875
868;868;76621.46875
869;869;77888.78125
870;870;78075.640625
871;871;80951.21875
872;872;78533.71875
873;873;80273.2109375
874;874;80118.375
875;875;82915.6640625
876;876;81686.578125
877;877;75434.1875
878;878;79744.296875
879;879;81036.171875
880;880;80256.8515625
881;881;79094.65625
882;882;80886.453125
883;883;79798.609375
884;884;80822.4375
885;885;75962.7421875
886;886;80759.640625
887;887;83324.1875
888;888;82666.65625
889;889;77277.7890625
890;890;81942.9375
891;891;77316.765625
892;892;83490.625
893;893;80534.4140625
894;894;82171.546875
895;895;81430.15625
896;896;79456.8203125
897;897;85374.1875
898;898;80414.5859375
899;899;79046.7890625
900;900;82143.0625
901;901;81454.4296875
902;902;78369.15625
903;903;79947.8671875
904;904;81180.984375
905;905;80086.765625
906;906;79067.25
907;907;82550.75
908;908;78240.5
909;909;82722.7578125
910;910;80007.0859375
911;911;78351.0546875
912;912;82824.359375
913;913;78303.078125
914;914;78004.296875
915;915;80782.3984375
916;916;81880.3359375
917;917;81633.546875
918;918;78962.7890625
919;919;80099.65625
920;920;79955.921875
921;921;79824.1875
922;922;79609.7890625
923;923;78364.484375
924;924;81402.0234375
925;925;80201.3046875
926;926;79022.25
927;927;82633.03125
928;928;76853.453125
929;929;84169.8203125
930;930;82343.71875
931;931;77392.140625
932;932;82246.234375
933;933;81926.6171875
934;934;81232.3046875
935;935;79956.7890625
936;936;80402.6171875
937;937;40957.4609375
938;938;1192768.0
939;939;1182874.25
940;940;1198193.75
941;941;1204240.25
942;942;1192932.0
943;943;1286684.5
944;944;1310754.375
945;945;1334252.0
946;946;1348376.0
947;947;1308400.875
948;948;78467.46875
949;949;81615.59375
950;950;81438.84375
951;951;80271.515625
952;952;80658.703125
953;953;81275.3359375
954;954;82123.8125
955;955;81028.90625
956;956;80418.328125
957;957;79355.9140625
958;958;79831.2265625
959;959;77876.6484375
960;960;78475.4921875
961;961;75652.3359375
962;962;81384.125
963;963;81720.765625
964;964;76185.7109375
965;965;79020.9296875
966;966;79676.59375
967;967;77836.1640625
968;968;76567.6171875
969;969;78651.1171875
970;970;75560.6484375
971;971;76491.203125
972;972;80410.328125
973;973;79734.671875
974;974;76411.046875
975;975;78225.78125
976;976;81014.0234375
977;977;78937.390625
978;978;78868.390625
979;979;80351.84375
980;980;79692.34375
981;981;79611.75
982;982;82145.3359375
983;983;84463.28125
984;984;82833.734375
985;985;83347.203125
986;986;83475.8359375
987;987;77682.6171875
988;988;80825.3984375
989;989;77158.2890625
990;990;81915.8046875
991;991;79583.8125
992;992;80114.84375
993;993;82375.71875
994;994;79442.328125
995;995;79229.671875
996;996;80334.21875
997;997;79720.7578125
998;998;77220.5078125
999;999;79522.796875
1000;1000;77915.71875
1001;1001;82579.53125
1002;1002;76664.2421875
1003;1003;81898.2578125
1004;1004;82166.8984375
1005;1005;83107.734375
1006;1006;80609.90625
1007;1007;83246.984375
1008;1008;84158.765625
1009;1009;80279.3515625
1010;1010;81160.4296875
1011;1011;78475.90625
1012;1012;76603.390625
1013;1013;80965.2109375
1014;1014;81180.671875
1015;1015;82780.65625
1016;1016;77836.890625
1017;1017;80099.8984375
1018;1018;81068.125
1019;1019;81627.7578125
1020;1020;80728.5625
1021;1021;79033.5
1022;1022;83446.0546875
1023;1023;82653.21875
1024;1024;81459.5625
1025;1025;82852.78125
1026;1026;80105.203125
1027;1027;83447.4921875
1028;1028;81490.0078125
1029;1029;79283.8828125
1030;1030;77850.546875
1031;1031;82729.328125
1032;1032;81274.4375
1033;1033;83813.4296875
1034;1034;78587.375
1035;1035;81992.546875
1036;1036;82320.1953125
1037;1037;82708.0625
1038;1038;81745.28125
1039;1039;82359.890625
1040;1040;82112.703125
1041;1041;78682.0703125
1042;1042;81218.484375
1043;1043;80558.671875
1044;1044;85002.015625
1045;1045;77067.078125
1046;1046;81008.9375
1047;1047;79937.40625
1048;1048;81866.1015625
1049;1049;81270.140625
1050;1050;80237.3125
1051;1051;80139.578125
1052;1052;82731.2109375
1053;1053;82203.71875
1054;1054;82085.109375
1055;1055;82041.1875
1056;1056;82994.40625
1057;1057;79056.8046875
1058;1058;80130.8984375
1059;1059;82067.6171875
1060;1060;75205.421875
1061;1061;84117.9296875
1062;1062;80743.578125
1063;1063;81540.2734375
1064;1064;82708.171875
1065;1065;81345.546875
1066;1066;78527.9765625
1067;1067;78462.5234375
1068;1068;81892.7109375
1069;1069;80258.390625
1070;1070;76556.390625
1071;1071;79149.953125
1072;1072;81447.3984375
1073;1073;81483.3828125
1074;1074;80325.265625
1075;1075;80141.4296875
1076;1076;83484.2890625
1077;1077;78949.296875
1078;1078;82912.7265625
1079;1079;80131.640625
1080;1080;78302.1015625
1081;1081;81605.6640625
1082;1082;80387.84375
1083;1083;79937.828125
1084;1084;80001.1640625
1085;1085;80345.828125
1086;1086;83640.6796875
1087;1087;77150.671875
1088;1088;77301.0859375
1089;1089;80385.21875
1090;1090;81341.390625
1091;1091;79317.8046875
1092;1092;82621.5625
1093;1093;79889.921875
1094;1094;81948.2578125
1095;1095;83505.3359375
1096;1096;81702.125
1097;1097;81878.0
1098;1098;82151.1328125
1099;1099;80941.9375
1100;1100;80399.171875
1101;1101;81817.171875
1102;1102;81677.0546875
1103;1103;79288.765625
1104;1104;83308.1875
1105;1105;81071.75
1106;1106;79604.9609375
1107;1107;83034.546875
1108;1108;81644.9296875
1109;1109;81473.4140625
1110;1110;80366.6171875
1111;1111;79172.7734375
1112;1112;79611.953125
1113;1113;81731.1484375
1114;1114;82096.296875
1115;1115;81633.859375
1116;1116;82303.0390625
1117;1117;82041.53125
1118;1118;81813.6875
1119;1119;77752.6171875
1120;1120;82897.4375
1121;1121;82114.875
1122;1122;81116.6640625
1123;1123;78670.0390625
1124;1124;83245.953125
1125;1125;79860.140625
1126;1126;80083.625
1127;1127;82745.9296875
1128;1128;83483.1796875
1129;1129;81291.09375
1130;1130;82367.09375
1131;1131;79451.15625
1132;1132;79022.9921875
1133;1133;85148.59375
1134;1134;83219.3125
1135;1135;86621.109375
1136;1136;81162.109375
1137;1137;83991.46875
1138;1138;80487.828125
1139;1139;82254.515625
1140;1140;82732.40625
1141;1141;78846.0546875
1142;1142;81274.328125
1143;1143;81576.6953125
1144;1144;82267.046875
1145;1145;84388.546875
1146;1146;81630.953125
1147;1147;84222.234375
1148;1148;82901.015625
1149;1149;81309.9296875
1150;1150;82108.125
1151;1151;77520.3203125
1152;1152;79160.328125
1153;1153;81546.7734375
1154;1154;80570.4453125
1155;1155;81341.484375
1156;1156;82315.4609375
1157;1157;82767.328125
1158;1158;83880.09375
1159;1159;83039.453125
1160;1160;84783.4609375
1161;1161;81224.46875
1162;1162;82531.34375
1163;1163;76840.890625
1164;1164;81367.0234375
1165;1165;81357.8359375
1166;1166;80638.8203125
1167;1167;80024.546875
1168;1168;82558.09375
1169;1169;79195.8515625
1170;1170;82009.3984375
1171;1171;83856.4453125
1172;1172;82186.03125
1173;1173;82327.5703125
1174;1174;83098.3125
1175;1175;78642.015625
1176;1176;80680.78125
1177;1177;79796.03125
1178;1178;77381.90625
1179;1179;80859.578125
1180;1180;80839.515625
1181;1181;81727.7421875
1182;1182;84795.859375
1183;1183;80108.578125
1184;1184;79235.78125
1185;1185;85705.7578125
1186;1186;81946.9609375
1187;1187;80205.15625
1188;1188;78711.671875
1189;1189;83677.046875
1190;1190;80800.6875
1191;1191;83033.640625
1192;1192;81240.03125
1193;1193;83519.453125
1194;1194;79718.6171875
1195;1195;81220.34375
1196;1196;85570.3515625
1197;1197;81291.53125
1198;1198;85190.984375
1199;1199;82618.2890625
1200;1200;83259.7734375
1201;1201;80013.6875
1202;1202;81353.8125
1203;1203;84348.546875
1204;1204;84556.5703125
1205;1205;79532.6875
1206;1206;83235.90625
1207;1207;81477.46875
1208;1208;81898.4609375
1209;1209;85652.6484375
1210;1210;82873.546875
1211;1211;83113.921875
1212;1212;80663.234375
1213;1213;83579.6171875
1214;1214;80909.625
1215;1215;82246.171875
1216;1216;82645.5859375
1217;1217;79282.5859375
1218;1218;79206.578125
1219;1219;82402.46875
1220;1220;81851.9296875
1221;1221;83004.921875
1222;1222;84698.3046875
1223;1223;76695.65625
1224;1224;77382.625
1225;1225;85350.2578125
1226;1226;83102.59375
1227;1227;82202.421875
1228;1228;76255.3515625
1229;1229;79978.6640625
1230;1230;84850.4375
1231;1231;78898.890625
1232;1232;83468.78125
1233;1233;85295.265625
1234;1234;82482.1328125
1235;1235;82569.328125
1236;1236;83813.3828125
1237;1237;82253.71875
1238;1238;83282.890625
1239;1239;84490.03125
1240;1240;80078.875
1241;1241;79235.703125
1242;1242;83315.8125
1243;1243;81714.2109375
1244;1244;82555.609375
1245;1245;84277.328125
1246;1246;79473.7890625
1247;1247;83507.4765625
1248;1248;81880.484375
1249;1249;80074.15625
1250;1250;83957.25
1251;1251;83380.3046875
1252;1252;82735.0625
1253;1253;83089.828125
1254;1254;81798.1796875
1255;1255;82011.5078125
1256;1256;81409.3984375
1257;1257;83450.6640625
1258;1258;82546.078125
1259;1259;79822.21875
1260;1260;80717.3671875
1261;1261;81958.84375
1262;1262;77940.5234375
1263;1263;81351.015625
1264;1264;77547.046875
1265;1265;81150.671875
1266;1266;79609.1953125
1267;1267;83073.390625
1268;1268;84441.3046875
1269;1269;84342.234375
1270;1270;83148.59375
1271;1271;76753.234375
1272;1272;82884.59375
1273;1273;79969.09375
1274;1274;82533.4375
1275;1275;83331.0859375
1276;1276;85803.8984375
1277;1277;80359.1484375
1278;1278;82080.984375
1279;1279;84867.5078125
1280;1280;78183.1875
1281;1281;81668.1640625
1282;1282;84087.7109375
1283;1283;83081.453125
1284;1284;77982.375
1285;1285;82051.453125
1286;1286;80994.5703125
1287;1287;79979.2734375
1288;1288;81519.6484375
1289;1289;76279.703125
1290;1290;80409.609375
1291;1291;84059.96875
1292;1292;83287.15625
1293;1293;81551.8984375
1294;1294;87200.984375
1295;1295;79003.3203125
1296;1296;82932.4375
1297;1297;81605.3203125
1298;1298;86061.1328125
1299;1299;84555.8046875
1300;1300;84537.484375
1301;1301;82771.8984375
1302;1302;82914.1328125
1303;1303;84313.921875
1304;1304;81746.1015625
1305;1305;80582.1171875
1306;1306;81452.0625
1307;1307;82458.2890625
1308;1308;79314.90625
1309;1309;84109.40625
1310;1310;81563.8671875
1311;1311;83438.734375
1312;1312;78689.453125
1313;1313;78952.015625
1314;1314;82207.3203125
1315;1315;86332.4375
1316;1316;86272.7890625
1317;1317;83687.078125
1318;1318;78330.671875
1319;1319;81159.25
1320;1320;82495.96875
1321;1321;84489.78125
1322;1322;83954.65625
1323;1323;83367.0625
1324;1324;84586.6953125
1325;1325;79881.765625
1326;1326;86397.828125
1327;1327;85925.125
1328;1328;79679.59375
1329;1329;84371.53125
1330;1330;81183.8125
1331;1331;82938.8359375
1332;1332;83752.15625
1333;1333;83752.703125
1334;1334;82313.4921875
1335;1335;80915.296875
1336;1336;84834.0625
1337;1337;82331.5390625
1338;1338;79978.7734375
1339;1339;82935.2734375
1340;1340;79737.7734375
1341;1341;86090.3515625
1342;1342;80844.015625
1343;1343;83426.875
1344;1344;79355.1796875
1345;1345;83131.6796875
1346;1346;86149.6328125
1347;1347;78305.375
1348;1348;80057.265625
1349;1349;81742.53125
1350;1350;85608.140625
1351;1351;84804.734375
1352;1352;78183.421875
1353;1353;85855.296875
1354;1354;83240.75
1355;1355;82765.765625
1356;1356;81576.625
1357;1357;78665.2734375
1358;1358;85179.359375
1359;1359;82904.90625
1360;1360;83795.90625
1361;1361;83991.0390625
1362;1362;83792.453125
1363;1363;84543.140625
1364;1364;85398.25
1365;1365;83917.8359375
1366;1366;79530.875
1367;1367;81689.0390625
1368;1368;82793.1171875
1369;1369;81926.0625
1370;1370;83754.234375
1371;1371;79962.9921875
1372;1372;80498.9765625
1373;1373;83309.1953125
1374;1374;84376.78125
1375;1375;84788.71875
1376;1376;80651.7421875
1377;1377;84395.3046875
1378;1378;83553.90625
1379;1379;83179.84375
1380;1380;84539.3671875
1381;1381;83174.359375
1382;1382;85035.296875
1383;1383;83109.1953125
1384;1384;83726.4453125
1385;1385;82138.7890625
1386;1386;81252.0
1387;1387;81302.875
1388;1388;80975.828125
1389;1389;82995.125
1390;1390;84618.1171875
1391;1391;79829.265625
1392;1392;85445.6328125
1393;1393;80690.109375
1394;1394;83326.21875
1395;1395;84606.078125
1396;1396;81324.8203125
1397;1397;82766.8828125
1398;1398;83610.8046875
1399;1399;82027.96875
1400;1400;82593.171875
1401;1401;86974.2890625
1402;1402;83988.0
1403;1403;81662.9296875
1404;1404;86322.078125
1405;1405;81692.15625
1406;1406;80047.6015625
1407;1407;80659.6796875
1408;1408;82477.421875
1409;1409;82789.671875
1410;1410;84576.703125
1411;1411;81153.1015625
1412;1412;81760.2421875
1413;1413;81548.8359375
1414;1414;82390.0390625
1415;1415;83096.6875
1416;1416;80324.40625
1417;1417;84293.0078125
1418;1418;81034.578125
1419;1419;84836.828125
1420;1420;80925.765625
1421;1421;84735.015625
1422;1422;84830.75
1423;1423;83412.53125
1424;1424;85489.1953125
1425;1425;84939.515625
1426;1426;82900.140625
1427;1427;80776.6640625
1428;1428;85245.8828125
1429;1429;82560.2421875
1430;1430;83613.203125
1431;1431;84508.890625
1432;1432;83381.6171875
1433;1433;82851.515625
1434;1434;83685.2890625
1435;1435;82486.3515625
1436;1436;80653.5234375
1437;1437;81547.03125
1438;1438;84923.375
1439;1439;82137.359375
1440;1440;83482.265625
1441;1441;85212.296875
1442;1442;84616.4296875
1443;1443;84667.4921875
1444;1444;84722.6328125
1445;1445;81223.8671875
1446;1446;85644.328125
1447;1447;80349.6875
1448;1448;81478.0
1449;1449;83755.171875
1450;1450;83897.6875
1451;1451;85547.5
1452;1452;82692.71875
1453;1453;82559.2890625
1454;1454;82172.515625
1455;1455;84686.171875
1456;1456;83190.75
1457;1457;80966.46875
1458;1458;84985.3671875
1459;1459;85677.2421875
1460;1460;79767.078125
1461;1461;82437.1875
1462;1462;82526.53125
1463;1463;85261.109375
1464;1464;81962.25
1465;1465;82712.921875
1466;1466;84957.3046875
1467;1467;82672.6484375
1468;1468;83891.7109375
1469;1469;84113.9375
1470;1470;83761.6796875
1471;1471;82760.2421875
1472;1472;83714.5625
1473;1473;85194.328125
1474;1474;79065.328125
1475;1475;87207.3046875
1476;1476;83772.3671875
1477;1477;80512.921875
1478;1478;81537.7578125
1479;1479;83571.65625
1480;1480;83003.640625
1481;1481;82033.96875
1482;1482;83986.484375
1483;1483;83024.0546875
1484;1484;86225.359375
1485;1485;78655.3828125
1486;1486;82933.65625
1487;1487;83360.6484375
1488;1488;82842.90625
1489;1489;80897.46875
1490;1490;81076.9140625
1491;1491;82949.03125
1492;1492;85865.609375
1493;1493;81601.0546875
1494;1494;85661.140625
1495;1495;81815.046875
1496;1496;78954.3125
1497;1497;82866.109375
1498;1498;83933.6015625
1499;1499;81902.359375
1500;1500;84347.1875
1501;1501;83162.6328125
1502;1502;82324.890625
1503;1503;84715.046875
1504;1504;83485.4296875
1505;1505;80426.328125
1506;1506;76829.78125
1507;1507;84373.9296875
1508;1508;81517.40625
1509;1509;80966.125
1510;1510;77402.96875
1511;1511;83947.6328125
1512;1512;84015.828125
1513;1513;83045.953125
1514;1514;87743.421875
1515;1515;83672.7265625
1516;1516;81167.3125
1517;1517;83421.8515625
1518;1518;80537.3046875
1519;1519;84897.046875
1520;1520;85172.046875
1521;1521;80198.359375
1522;1522;82238.4765625
1523;1523;81528.1328125
1524;1524;84069.59375
1525;1525;83348.640625
1526;1526;84444.578125
1527;1527;85804.78125
1528;1528;83783.8046875
1529;1529;85243.3515625
1530;1530;82375.328125
1531;1531;80834.75
1532;1532;82927.765625
1533;1533;84535.078125
1534;1534;85247.53125
1535;1535;82275.6796875
1536;1536;82695.796875
1537;1537;83746.078125
1538;1538;83043.0703125
1539;1539;83056.859375
1540;1540;81075.71875
1541;1541;84550.34375
1542;1542;80117.796875
1543;1543;86856.8828125
1544;1544;81186.7265625
1545;1545;78384.140625
1546;1546;82442.40625
1547;1547;81470.15625
1548;1548;83963.515625
1549;1549;80786.546875
1550;1550;82747.15625
1551;1551;81089.640625
1552;1552;82965.125
1553;1553;83935.421875
1554;1554;80150.2265625
1555;1555;82996.4765625
1556;1556;81177.28125
1557;1557;83529.875
1558;1558;86520.875
1559;1559;79677.3984375
1560;1560;84548.390625
1561;1561;82581.515625
1562;1562;87096.5078125
1563;1563;85248.734375
1564;1564;83998.109375
1565;1565;84120.5625
1566;1566;85941.90625
1567;1567;81580.8203125
1568;1568;82352.5703125
1569;1569;84605.34375
1570;1570;83734.171875
1571;1571;85496.4765625
1572;1572;84083.8125
1573;1573;82216.0703125
1574;1574;80096.765625
1575;1575;80025.9296875
1576;1576;81827.734375
1577;1577;83918.0546875
1578;1578;78339.53125
1579;1579;81231.7421875
1580;1580;84272.7265625
1581;1581;80580.515625
1582;1582;85382.7890625
1583;1583;85223.671875
1584;1584;84412.1015625
1585;1585;82659.0
1586;1586;80451.296875
1587;1587;83609.3828125
1588;1588;86203.6875
1589;1589;81973.515625
1590;1590;82691.703125
1591;1591;84585.59375
1592;1592;83818.3359375
1593;1593;81038.0859375
1594;1594;83440.15625
1595;1595;86886.78125
1596;1596;81090.6875
1597;1597;84236.0
1598;1598;82990.15625
1599;1599;83167.859375
1600;1600;82368.328125
1601;1601;87210.7265625
1602;1602;82605.8828125
1603;1603;84721.0390625
1604;1604;82184.078125
1605;1605;84131.484375
1606;1606;81812.1484375
1607;1607;85373.625
1608;1608;84602.2734375
1609;1609;83763.4296875
1610;1610;79570.0546875
1611;1611;84483.4140625
1612;1612;85185.96875
1613;1613;84674.0625
1614;1614;83715.265625
1615;1615;81251.984375
1616;1616;86037.21875
1617;1617;84780.1171875
1618;1618;82272.78125
1619;1619;82913.1796875
1620;1620;85244.34375
1621;1621;85171.609375
1622;1622;82287.796875
1623;1623;85053.7421875
1624;1624;82289.8359375
1625;1625;79825.9296875
1626;1626;82932.1796875
1627;1627;83064.6640625
1628;1628;84459.296875
1629;1629;82246.765625
1630;1630;85119.71875
1631;1631;82845.765625
1632;1632;83835.015625
1633;1633;85501.1796875
1634;1634;78114.515625
1635;1635;80765.140625
1636;1636;81975.1328125
1637;1637;83919.171875
1638;1638;81795.34375
1639;1639;83033.359375
1640;1640;84285.296875
1641;1641;86039.8515625
1642;1642;81365.125
1643;1643;82965.4609375
1644;1644;80098.640625
1645;1645;84780.5
1646;1646;83314.140625
1647;1647;81144.484375
1648;1648;84917.6484375
1649;1649;86055.234375
1650;1650;81907.828125
1651;1651;81185.984375
1652;1652;84553.6328125
1653;1653;85042.828125
1654;1654;85583.28125
1655;1655;84531.25
1656;1656;79686.0390625
1657;1657;82947.34375
1658;1658;85779.0
1659;1659;87334.09375
1660;1660;81805.203125
1661;1661;85238.5625
1662;1662;82819.96875
1663;1663;81543.3203125
1664;1664;82008.28125
1665;1665;82479.75
1666;1666;82503.625
1667;1667;82310.5390625
1668;1668;81203.28125
1669;1669;86272.2578125
1670;1670;83217.2890625
1671;1671;87679.9453125
1672;1672;86225.765625
1673;1673;83433.9921875
1674;1674;88526.890625
1675;1675;82500.0078125
1676;1676;82803.34375
1677;1677;85618.53125
1678;1678;86875.890625
1679;1679;87229.34375
1680;1680;82157.171875
1681;1681;88902.59375
1682;1682;86299.2109375
1683;1683;86132.9765625
1684;1684;81279.9375
1685;1685;84167.9375
1686;1686;82423.0625
1687;1687;83915.1640625
1688;1688;84709.578125
1689;1689;81890.1484375
1690;1690;86903.65625
1691;1691;83065.3828125
1692;1692;81451.390625
1693;1693;85958.296875
1694;1694;80997.0546875
1695;1695;84027.96875
1696;1696;87857.671875
1697;1697;84345.0078125
1698;1698;86473.515625
1699;1699;85269.4296875
1700;1700;83021.75
1701;1701;87824.796875
1702;1702;83262.75
1703;1703;82606.8125
1704;1704;86096.671875
1705;1705;84867.4453125
1706;1706;84387.15625
1707;1707;84841.34375
1708;1708;87655.125
1709;1709;84358.453125
1710;1710;83017.4453125
1711;1711;81900.3828125
1712;1712;83976.1796875
1713;1713;81420.78125
1714;1714;81821.0078125
1715;1715;82563.515625
1716;1716;87390.703125
1717;1717;83314.421875
1718;1718;80211.5
1719;1719;80911.8671875
1720;1720;83193.6640625
1721;1721;85818.234375
1722;1722;86515.765625
1723;1723;83689.4921875
1724;1724;83477.46875
1725;1725;82233.703125
1726;1726;86506.5546875
1727;1727;88649.7421875
1728;1728;84692.8671875
1729;1729;84819.15625
1730;1730;85755.4375
1731;1731;85301.5625
1732;1732;83477.7265625
1733;1733;82048.4921875
1734;1734;88724.125
1735;1735;87424.453125
1736;1736;87354.2890625
1737;1737;85732.125
1738;1738;82537.15625
1739;1739;83024.203125
1740;1740;82077.84375
1741;1741;83734.140625
1742;1742;81221.9765625
1743;1743;82847.8125
1744;1744;85042.546875
1745;1745;83369.703125
1746;1746;87555.9140625
1747;1747;85366.828125
1748;1748;86506.984375
1749;1749;84329.7890625
1750;1750;88013.6171875
1751;1751;83614.5859375
1752;1752;84646.6640625
1753;1753;88671.515625
1754;1754;81484.2421875
1755;1755;84116.25
1756;1756;85007.578125
1757;1757;81261.984375
1758;1758;83038.4765625
1759;1759;86160.2421875
1760;1760;84569.53125
1761;1761;82255.375
1762;1762;83520.6171875
1763;1763;85061.484375
1764;1764;87017.5625
1765;1765;85592.1328125
1766;1766;81838.484375
1767;1767;83334.6953125
1768;1768;87595.09375
1769;1769;83871.296875
1770;1770;83192.890625
1771;1771;84872.359375
1772;1772;85592.125
1773;1773;82899.859375
1774;1774;82644.859375
1775;1775;83822.40625
1776;1776;83965.6953125
1777;1777;85376.4375
1778;1778;83537.15625
1779;1779;82224.8046875
1780;1780;84445.375
1781;1781;83368.921875
1782;1782;84417.6953125
1783;1783;86632.2890625
1784;1784;77795.1875
1785;1785;87128.609375
1786;1786;84061.2890625
1787;1787;83389.8671875
1788;1788;81380.7421875
1789;1789;83490.90625
1790;1790;82788.078125
1791;1791;81416.015625
1792;1792;87466.3203125
1793;1793;85664.78125
1794;1794;83933.40625
1795;1795;85070.28125
1796;1796;84581.28125
1797;1797;85357.25
1798;1798;81615.328125
1799;1799;87032.28125
1800;1800;82895.4453125
1801;1801;82678.65625
1802;1802;84097.21875
1803;1803;83270.5078125
1804;1804;83829.640625
1805;1805;84757.328125
1806;1806;81848.328125
1807;1807;84604.6171875
1808;1808;83060.59375
1809;1809;83227.90625
1810;1810;84277.5078125
1811;1811;84020.0
1812;1812;80518.0625
1813;1813;84606.171875
1814;1814;81809.453125
1815;1815;86054.8359375
1816;1816;82505.421875
1817;1817;80411.15625
1818;1818;82767.5
1819;1819;87415.4453125
1820;1820;82583.3359375
1821;1821;85997.96875
1822;1822;84254.9375
1823;1823;87033.265625
1824;1824;85532.671875
1825;1825;84335.5859375
1826;1826;84597.015625
1827;1827;82015.515625
1828;1828;83935.8359375
1829;1829;84656.1484375
1830;1830;83244.3203125
1831;1831;82128.6015625
1832;1832;86614.875
1833;1833;85419.2109375
1834;1834;83218.640625
1835;1835;84574.15625
1836;1836;84435.453125
1837;1837;84875.53125
1838;1838;82399.2890625
1839;1839;86443.3828125
1840;1840;85582.53125
1841;1841;85781.921875
1842;1842;85336.0234375
1843;1843;83866.90625
1844;1844;83025.234375
1845;1845;82858.140625
1846;1846;81185.8203125
1847;1847;84137.40625
1848;1848;84696.28125
1849;1849;84297.515625
1850;1850;84746.4296875
1851;1851;84400.0859375
1852;1852;83146.625
1853;1853;84199.578125
1854;1854;83984.3828125
1855;1855;85814.765625
1856;1856;81273.2890625
1857;1857;86504.2421875
1858;1858;84938.03125
1859;1859;85637.421875
1860;1860;84807.859375
1861;1861;80811.6875
1862;1862;84119.953125
1863;1863;85061.1171875
1864;1864;83635.6328125
1865;1865;79122.8359375
1866;1866;83507.75
1867;1867;84028.3984375
1868;1868;83861.1796875
1869;1869;83304.6328125
1870;1870;88722.2734375
1871;1871;83909.59375
1872;1872;84494.4921875
1873;1873;83681.765625
1874;1874;84020.21875
1875;1875;83963.921875
1876;1876;85025.34375
1877;1877;85514.9375
1878;1878;83094.6171875
1879;1879;85697.421875
1880;1880;86151.984375
1881;1881;81318.4296875
1882;1882;87477.53125
1883;1883;79462.140625
1884;1884;80700.828125
1885;1885;39392.953125
1886;1886;1256794.625
1887;1887;1246308.25
1888;1888;1262342.875
1889;1889;1268821.75
1890;1890;1256716.0
1891;1891;1355749.875
1892;1892;1380280.625
1893;1893;1403664.75
1894;1894;1420336.75
1895;1895;1378157.625
1896;1896;85857.6953125
1897;1897;85561.84375
1898;1898;81480.2890625
1899;1899;83206.640625
1900;1900;87466.84375
1901;1901;85668.1640625
1902;1902;84071.203125
1903;1903;85909.828125
1904;1904;86097.4921875
1905;1905;84111.6171875
1906;1906;85276.125
1907;1907;83281.5
1908;1908;84088.859375
1909;1909;86660.75
1910;1910;88699.15625
1911;1911;84733.3671875
1912;1912;81646.8046875
1913;1913;83896.9140625
1914;1914;85026.921875
1915;1915;82077.046875
1916;1916;81405.7265625
1917;1917;82166.359375
1918;1918;85029.6171875
1919;1919;87220.53125
1920;1920;83851.125
1921;1921;85561.140625
1922;1922;87277.234375
1923;1923;84799.796875
1924;1924;85995.109375
1925;1925;87130.0625
1926;1926;81804.21875
1927;1927;88544.0
1928;1928;82877.390625
1929;1929;82262.46875
1930;1930;88966.09375
1931;1931;83509.890625
1932;1932;84191.3671875
1933;1933;84224.3984375
1934;1934;84779.375
1935;1935;83956.25
1936;1936;83258.390625
1937;1937;79831.265625
1938;1938;85023.203125
1939;1939;81031.984375
1940;1940;84325.78125
1941;1941;83458.1796875
1942;1942;86662.453125
1943;1943;84446.515625
1944;1944;85820.640625
1945;1945;87723.6875
1946;1946;82384.59375
1947;1947;82796.53125
1948;1948;85073.1015625
1949;1949;80993.0703125
1950;1950;86254.8828125
1951;1951;82796.3671875
1952;1952;83386.8203125
1953;1953;83590.375
1954;1954;82925.953125
1955;1955;85899.578125
1956;1956;86641.4375
1957;1957;84335.7265625
1958;1958;83610.78125
1959;1959;84964.9453125
1960;1960;83544.359375
1961;1961;84538.890625
1962;1962;83291.578125
1963;1963;81939.09375
1964;1964;86112.828125
1965;1965;84051.6796875
1966;1966;87136.40625
1967;1967;87255.8125
1968;1968;84613.171875
1969;1969;87709.6171875
1970;1970;88445.5
1971;1971;86172.1171875
1972;1972;85316.0546875
1973;1973;84221.59375
1974;1974;82492.859375
1975;1975;86494.640625
1976;1976;78749.203125
1977;1977;85859.0625
1978;1978;87116.21875
1979;1979;87456.875
1980;1980;87145.84375
1981;1981;87096.28125
1982;1982;86136.75
1983;1983;85870.1015625
1984;1984;82550.9609375
1985;1985;83821.609375
1986;1986;84043.859375
1987;1987;84526.0
1988;1988;85170.296875
1989;1989;82315.9921875
1990;1990;88167.84375
1991;1991;84294.9921875
1992;1992;83582.9921875
1993;1993;83204.96875
1994;1994;84082.25
1995;1995;81473.7109375
1996;1996;89802.125
1997;1997;82127.609375
1998;1998;82441.6171875
1999;1999;81768.1015625
2000;2000;87069.140625
2001;2001;85810.765625
2002;2002;84714.8984375
2003;2003;85368.359375
2004;2004;84874.7265625
2005;2005;86204.4609375
2006;2006;84286.609375
2007;2007;88431.515625
2008;2008;85293.4921875
2009;2009;81293.359375
2010;2010;88106.0546875
2011;2011;86343.109375
2012;2012;84691.1953125
2013;2013;84135.75
2014;2014;85169.5625
2015;2015;87128.609375
2016;2016;87484.625
2017;2017;85639.296875
2018;2018;85817.953125
2019;2019;86526.3125
2020;2020;84651.09375
2021;2021;85045.609375
2022;2022;80480.703125
2023;2023;84229.234375
2024;2024;86015.9921875
2025;2025;86748.7265625
2026;2026;86064.390625
2027;2027;89303.203125
2028;2028;84759.0859375
2029;2029;84659.8359375
2030;2030;83318.453125
2031;2031;87485.671875
2032;2032;84118.7734375
2033;2033;83819.3125
2034;2034;80137.859375
2035;2035;79983.0546875
2036;2036;86973.5859375
2037;2037;86312.828125
2038;2038;83746.09375
2039;2039;81139.75
2040;2040;82445.59375
2041;2041;86283.2421875
2042;2042;77234.0625
2043;2043;86895.1953125
2044;2044;85029.078125
2045;2045;86862.96875
2046;2046;87090.40625
2047;2047;86717.5859375
2048;2048;85310.4140625
2049;2049;85222.296875
2050;2050;86095.078125
2051;2051;87683.3046875
2052;2052;81792.5625
2053;2053;83507.4375
2054;2054;88784.09375
2055;2055;88834.03125
2056;2056;84688.0703125
2057;2057;83209.578125
2058;2058;86114.3671875
2059;2059;86329.4375
2060;2060;86872.5859375
2061;2061;84973.96875
2062;2062;87225.1796875
2063;2063;85807.1171875
2064;2064;85938.53125
2065;2065;83701.71875
2066;2066;86522.484375
2067;2067;86043.5
2068;2068;82750.8828125
2069;2069;82285.2109375
2070;2070;85717.53125
2071;2071;86565.1875
2072;2072;86548.09375
2073;2073;83591.796875
2074;2074;83323.6328125
2075;2075;83746.875
2076;2076;81614.40625
2077;2077;80973.8828125
2078;2078;85499.7734375
2079;2079;86325.875
2080;2080;88280.125
2081;2081;82289.75
2082;2082;87090.7421875
2083;2083;83108.015625
2084;2084;91571.734375
2085;2085;86408.65625
2086;2086;88186.21875
2087;2087;88942.8125
2088;2088;84140.09375
2089;2089;85045.8359375
2090;2090;85026.2265625
2091;2091;88313.84375
2092;2092;86372.296875
2093;2093;82003.9140625
2094;2094;87205.734375
2095;2095;86789.59375
2096;2096;88999.8125
2097;2097;81882.5078125
2098;2098;85673.09375
2099;2099;87834.8125
2100;2100;86522.875
2101;2101;88202.0
2102;2102;83283.8125
2103;2103;83258.7734375
2104;2104;85912.8125
2105;2105;80843.671875
2106;2106;84566.2421875
2107;2107;88263.03125
2108;2108;81808.171875
2109;2109;88895.890625
2110;2110;86395.21875
2111;2111;89408.859375
2112;2112;83136.53125
2113;2113;82937.9375
2114;2114;87104.25
2115;2115;86994.609375
2116;2116;85616.046875
2117;2117;84070.328125
2118;2118;82826.390625
2119;2119;87223.578125
2120;2120;86912.5546875
2121;2121;87178.6484375
2122;2122;86294.0703125
2123;2123;86528.1875
2124;2124;83972.8359375
2125;2125;89491.1875
2126;2126;86366.734375
2127;2127;81574.84375
2128;2128;88556.015625
2129;2129;89028.0625
2130;2130;88299.6640625
2131;2131;82851.328125
2132;2132;81315.75
2133;2133;84331.265625
2134;2134;85358.265625
2135;2135;82352.3046875
2136;2136;87631.859375
2137;2137;88003.203125
2138;2138;87413.828125
2139;2139;86284.921875
2140;2140;84603.1328125
2141;2141;87257.953125
2142;2142;84950.5
2143;2143;82604.3203125
2144;2144;84065.359375
2145;2145;85401.328125
2146;2146;85685.3125
2147;2147;87604.625
2148;2148;86550.4765625
2149;2149;88265.8125
2150;2150;83477.75
2151;2151;85883.9296875
2152;2152;89067.5859375
2153;2153;84978.7109375
2154;2154;84459.8046875
2155;2155;83975.6875
2156;2156;89304.2734375
2157;2157;83501.1640625
2158;2158;84110.8125
2159;2159;86784.0625
2160;2160;84263.09375
2161;2161;84116.1640625
2162;2162;86714.546875
2163;2163;89795.421875
2164;2164;81303.46875
2165;2165;83691.5703125
2166;2166;80978.046875
2167;2167;84850.625
2168;2168;86136.859375
2169;2169;87414.6875
2170;2170;89946.5625
2171;2171;86824.125
2172;2172;87368.5234375
2173;2173;88449.3046875
2174;2174;84536.265625
2175;2175;86472.3125
2176;2176;84262.765625
2177;2177;83854.796875
2178;2178;85686.578125
2179;2179;89119.4453125
2180;2180;85976.078125
2181;2181;86562.109375
2182;2182;84418.0859375
2183;2183;87849.390625
2184;2184;85533.890625
2185;2185;86455.859375
2186;2186;83324.1953125
2187;2187;86733.234375
2188;2188;86226.375
2189;2189;88760.0546875
2190;2190;87684.65625
2191;2191;81490.015625
2192;2192;83513.625
2193;2193;86379.671875
2194;2194;83716.9375
2195;2195;84379.53125
2196;2196;92708.40625
2197;2197;87883.203125
2198;2198;88673.078125
2199;2199;85195.0390625
2200;2200;85584.2109375
2201;2201;85020.0234375
2202;2202;88311.03125
2203;2203;85355.5859375
2204;2204;85875.234375
2205;2205;86996.71875
2206;2206;85198.9140625
2207;2207;85803.734375
2208;2208;84945.2421875
2209;2209;84234.671875
2210;2210;82772.484375
2211;2211;87150.015625
2212;2212;86711.71875
2213;2213;85288.0625
2214;2214;83975.7265625
2215;2215;86099.921875
2216;2216;86204.2109375
2217;2217;88006.375
2218;2218;81767.5390625
2219;2219;91795.4609375
2220;2220;84474.7890625
2221;2221;85742.984375
2222;2222;85795.140625
2223;2223;88134.1875
2224;2224;90428.09375
2225;2225;88591.75
2226;2226;87158.0
2227;2227;82775.765625
2228;2228;89954.546875
2229;2229;85177.84375
2230;2230;88402.109375
2231;2231;88709.2890625
2232;2232;85336.1015625
2233;2233;88173.4921875
2234;2234;86420.4921875
2235;2235;84006.984375
2236;2236;89717.1875
2237;2237;87945.21875
2238;2238;87284.109375
2239;2239;88084.609375
2240;2240;86075.3515625
2241;2241;83771.1328125
2242;2242;83232.4296875
2243;2243;84452.46875
2244;2244;87477.6796875
2245;2245;84973.7265625
2246;2246;84158.1015625
2247;2247;87013.65625
2248;2248;85514.15625
2249;2249;84903.625
2250;2250;84155.765625
2251;2251;84345.234375
2252;2252;85017.3515625
2253;2253;84389.9296875
2254;2254;84423.71875
2255;2255;86950.0234375
2256;2256;85914.515625
2257;2257;87058.109375
2258;2258;86945.640625
2259;2259;87570.765625
2260;2260;86365.65625
2261;2261;84078.3046875
2262;2262;90194.484375
2263;2263;85154.6875
2264;2264;85935.6484375
2265;2265;83525.265625
2266;2266;88173.90625
2267;2267;84289.1875
2268;2268;86488.6953125
2269;2269;86652.0625
2270;2270;87456.515625
2271;2271;85638.015625
2272;2272;87067.0
2273;2273;88608.09375
2274;2274;84885.125
2275;2275;86312.421875
2276;2276;83901.34375
2277;2277;89791.90625
2278;2278;87155.453125
2279;2279;86347.0
2280;2280;87247.53125
2281;2281;88096.1328125
2282;2282;84680.578125
2283;2283;86631.75
2284;2284;84229.6875
2285;2285;88410.65625
2286;2286;83348.796875
2287;2287;86609.3671875
2288;2288;85314.84375
2289;2289;92928.546875
2290;2290;84963.921875
2291;2291;87499.453125
2292;2292;87734.8359375
2293;2293;85220.328125
2294;2294;83243.0625
2295;2295;86306.890625
2296;2296;83404.265625
2297;2297;85836.4375
2298;2298;87787.828125
2299;2299;82231.6796875
2300;2300;83017.5078125
2301;2301;89272.8359375
2302;2302;84888.40625
2303;2303;81799.234375
2304;2304;84663.953125
2305;2305;84740.1328125
2306;2306;86392.734375
2307;2307;83764.4921875
2308;2308;84774.59375
2309;2309;86289.21875
2310;2310;86701.1484375
2311;2311;88892.4765625
2312;2312;86210.09375
2313;2313;86850.890625
2314;2314;87296.640625
2315;2315;86627.609375
2316;2316;83275.1484375
2317;2317;87316.875
2318;2318;89513.3515625
2319;2319;85907.0078125
2320;2320;84301.734375
2321;2321;86209.9609375
2322;2322;82054.203125
2323;2323;83809.6953125
2324;2324;87309.40625
2325;2325;87542.8125
2326;2326;87938.6875
2327;2327;87743.0234375
2328;2328;89460.625
2329;2329;85531.125
2330;2330;86619.609375
2331;2331;85830.578125
2332;2332;86516.234375
2333;2333;87558.4609375
2334;2334;85137.078125
2335;2335;85927.0625
2336;2336;86297.15625
2337;2337;86475.125
2338;2338;88607.25
2339;2339;84228.6875
2340;2340;84853.484375
2341;2341;87078.15625
2342;2342;84795.71875
2343;2343;86907.8203125
2344;2344;88736.296875
2345;2345;86499.953125
2346;2346;87953.90625
2347;2347;88577.0625
2348;2348;86168.265625
2349;2349;88385.203125
2350;2350;87602.265625
2351;2351;82640.5625
2352;2352;87768.1015625
2353;2353;84639.6875
2354;2354;84036.453125
2355;2355;87731.515625
2356;2356;86819.53125
2357;2357;86181.546875
2358;2358;87282.625
2359;2359;89705.109375
2360;2360;82794.453125
2361;2361;85244.734375
2362;2362;89537.65625
2363;2363;87134.1171875
2364;2364;88136.953125
2365;2365;85898.890625
2366;2366;86603.0625
2367;2367;83431.78125
2368;2368;89372.53125
2369;2369;86873.640625
2370;2370;86477.9765625
2371;2371;87190.515625
2372;2372;83426.1640625
2373;2373;90927.6484375
2374;2374;84552.953125
2375;2375;87932.265625
2376;2376;84744.8515625
2377;2377;85079.671875
2378;2378;84054.953125
2379;2379;80867.546875
2380;2380;89778.4375
2381;2381;86520.171875
2382;2382;87622.34375
2383;2383;84367.421875
2384;2384;88570.8046875
2385;2385;87714.796875
2386;2386;85952.9140625
2387;2387;83166.6015625
2388;2388;84362.171875
2389;2389;86941.65625
2390;2390;84671.0078125
2391;2391;85323.40625
2392;2392;84535.71875
2393;2393;84004.015625
2394;2394;85844.421875
2395;2395;92081.90625
2396;2396;83858.46875
2397;2397;85034.078125
2398;2398;83838.7265625
2399;2399;84897.7265625
2400;2400;90405.296875
2401;2401;84168.671875
2402;2402;84245.6015625
2403;2403;83893.8984375
2404;2404;85314.15625
2405;2405;89386.859375
2406;2406;84233.671875
2407;2407;89551.671875
2408;2408;84181.1640625
2409;2409;84842.9453125
2410;2410;91147.140625
2411;2411;84494.03125
2412;2412;86118.5
2413;2413;88072.0078125
2414;2414;84678.84375
2415;2415;87037.53125
2416;2416;85552.046875
2417;2417;83591.9453125
2418;2418;87539.28125
2419;2419;87397.28125
2420;2420;87259.9765625
2421;2421;86252.625
2422;2422;84800.2421875
2423;2423;85066.125
2424;2424;85281.4296875
2425;2425;86495.484375
2426;2426;86699.984375
2427;2427;88655.015625
2428;2428;87950.7421875
2429;2429;87351.65625
2430;2430;84722.5546875
2431;2431;88263.546875
2432;2432;85382.1953125
2433;2433;90147.7265625
2434;2434;85546.8671875
2435;2435;85884.5625
2436;2436;89841.34375
2437;2437;87263.3125
2438;2438;85128.453125
2439;2439;88892.890625
2440;2440;85562.5703125
2441;2441;89948.15625
2442;2442;82076.203125
2443;2443;90134.984375
2444;2444;84982.71875
2445;2445;83550.9453125
2446;2446;85073.3203125
2447;2447;85750.4375
2448;2448;85076.515625
2449;2449;81990.453125
2450;2450;84347.78125
2451;2451;83609.9375
2452;2452;85393.765625
2453;2453;86273.0390625
2454;2454;85062.7421875
2455;2455;85529.5703125
2456;2456;82766.53125
2457;2457;85246.3515625
2458;2458;86918.390625
2459;2459;82568.1875
2460;2460;87635.1953125
2461;2461;89903.1484375
2462;2462;86595.046875
2463;2463;86890.984375
2464;2464;87962.25
2465;2465;88392.515625
2466;2466;83360.4765625
2467;2467;86993.828125
2468;2468;88666.125
2469;2469;85450.140625
2470;2470;84899.765625
2471;2471;85285.5
2472;2472;89067.2890625
2473;2473;89670.7265625
2474;2474;89991.8203125
2475;2475;83303.609375
2476;2476;84937.7578125
2477;2477;87145.90625
2478;2478;83386.1328125
2479;2479;81244.578125
2480;2480;89080.4375
2481;2481;84494.8046875
2482;2482;89689.1796875
2483;2483;82839.8046875
2484;2484;85885.7265625
2485;2485;88164.6875
2486;2486;85872.75
2487;2487;90640.9296875
2488;2488;84947.53125
2489;2489;88195.578125
2490;2490;88147.15625
2491;2491;84569.265625
2492;2492;89748.34375
2493;2493;86605.609375
2494;2494;89128.1015625
2495;2495;87666.640625
2496;2496;86790.828125
2497;2497;89184.4375
2498;2498;84337.984375
2499;2499;86716.9375
2500;2500;89257.890625
2501;2501;89586.546875
2502;2502;85870.734375
2503;2503;88192.6875
2504;2504;84889.90625
2505;2505;83509.421875
2506;2506;86691.640625
2507;2507;87668.1171875
2508;2508;83355.8125
2509;2509;82775.9375
2510;2510;85327.90625
2511;2511;80324.0625
2512;2512;81863.0546875
2513;2513;87658.0
2514;2514;87483.375
2515;2515;88244.84375
2516;2516;87444.46875
2517;2517;88870.0
2518;2518;87720.765625
2519;2519;90859.2109375
2520;2520;86491.6640625
2521;2521;86592.1328125
2522;2522;83393.2734375
2523;2523;88289.046875
2524;2524;88583.8515625
2525;2525;84952.15625
2526;2526;84814.21875
2527;2527;86534.8125
2528;2528;89882.984375
2529;2529;84648.09375
2530;2530;85087.359375
2531;2531;88321.328125
2532;2532;87726.453125
2533;2533;87045.6796875
2534;2534;88819.859375
2535;2535;85251.640625
2536;2536;86767.34375
2537;2537;88991.828125
2538;2538;83614.1875
2539;2539;88782.921875
2540;2540;86848.8125
2541;2541;84449.984375
2542;2542;84326.46875
2543;2543;84851.2109375
2544;2544;88723.734375
2545;2545;84876.1328125
2546;2546;84163.25
2547;2547;87965.171875
2548;2548;86025.1015625
2549;2549;86881.21875
2550;2550;84086.65625
2551;2551;85953.3515625
2552;2552;86213.1328125
2553;2553;86707.84375
2554;2554;85275.0703125
2555;2555;87805.171875
2556;2556;87903.421875
2557;2557;87564.453125
2558;2558;87759.671875
2559;2559;85788.046875
2560;2560;84940.4921875
2561;2561;84467.828125
2562;2562;90753.8125
2563;2563;85222.7734375
2564;2564;89769.875
2565;2565;81776.0078125
2566;2566;84515.28125
2567;2567;86546.84375
2568;2568;89265.1484375
2569;2569;86093.2421875
2570;2570;87112.515625
2571;2571;86376.4140625
2572;2572;86852.765625
2573;2573;88811.234375
2574;2574;84942.15625
2575;2575;83624.453125
2576;2576;87821.3671875
2577;2577;87037.03125
2578;2578;88602.109375
2579;2579;82689.28125
2580;2580;84732.2421875
2581;2581;86321.4140625
2582;2582;89597.984375
2583;2583;87540.578125
2584;2584;87301.5703125
2585;2585;88001.84375
2586;2586;88289.03125
2587;2587;86187.25
2588;2588;88018.703125
2589;2589;82929.703125
2590;2590;85392.703125
2591;2591;86058.765625
2592;2592;87889.234375
2593;2593;87295.21875
2594;2594;84979.25
2595;2595;84738.1796875
2596;2596;87483.9765625
2597;2597;86695.09375
2598;2598;89416.609375
2599;2599;85094.421875
2600;2600;82947.8359375
2601;2601;88226.25
2602;2602;86719.2265625
2603;2603;87333.296875
2604;2604;83816.1875
2605;2605;85701.8671875
2606;2606;84210.390625
2607;2607;86629.6875
2608;2608;89178.296875
2609;2609;87842.5859375
2610;2610;87267.390625
2611;2611;88135.7421875
2612;2612;89361.21875
2613;2613;85801.984375
2614;2614;87949.046875
2615;2615;85566.2109375
2616;2616;89869.9375
2617;2617;86799.546875
2618;2618;87312.0
2619;2619;86605.5859375
2620;2620;86045.515625
2621;2621;88385.890625
2622;2622;85705.2109375
2623;2623;86809.3984375
2624;2624;86808.46875
2625;2625;90854.1015625
2626;2626;84235.8671875
2627;2627;86788.6640625
2628;2628;86847.9375
2629;2629;84522.5078125
2630;2630;86728.6953125
2631;2631;84993.78125
2632;2632;86067.5546875
2633;2633;87127.2734375
2634;2634;88591.3515625
2635;2635;79980.4140625
2636;2636;86044.828125
2637;2637;86254.390625
2638;2638;85540.734375
2639;2639;85017.0078125
2640;2640;87062.4296875
2641;2641;86117.109375
2642;2642;87436.53125
2643;2643;85845.9140625
2644;2644;85193.9375
2645;2645;84231.859375
2646;2646;88227.59375
2647;2647;88976.9375
2648;2648;85160.5546875
2649;2649;82471.828125
2650;2650;85140.2265625
2651;2651;87690.0546875
2652;2652;86349.3046875
2653;2653;85089.484375
2654;2654;89297.546875
2655;2655;86590.46875
2656;2656;84317.15625
2657;2657;87857.140625
2658;2658;86783.15625
2659;2659;91293.6171875
2660;2660;83922.6953125
2661;2661;88597.0234375
2662;2662;87293.2109375
2663;2663;85450.71875
2664;2664;87292.5390625
2665;2665;87263.8046875
2666;2666;87155.3984375
2667;2667;86035.65625
2668;2668;87202.515625
2669;2669;87369.5390625
2670;2670;88025.125
2671;2671;86983.625
2672;2672;87574.1328125
2673;2673;86733.9765625
2674;2674;87067.21875
2675;2675;88224.7890625
2676;2676;89676.6015625
2677;2677;83955.3828125
2678;2678;89102.5703125
2679;2679;88484.875
2680;2680;87611.5703125
2681;2681;83448.796875
2682;2682;88248.7578125
2683;2683;90158.921875
2684;2684;87025.359375
2685;2685;88872.1640625
2686;2686;87287.1953125
2687;2687;88983.515625
2688;2688;84109.6875
2689;2689;89395.375
2690;2690;85114.5
2691;2691;83204.046875
2692;2692;86666.3203125
2693;2693;86386.171875
2694;2694;86692.125
2695;2695;83369.59375
2696;2696;89819.1015625
2697;2697;87582.1875
2698;2698;85367.984375
2699;2699;87766.703125
2700;2700;89349.46875
2701;2701;87742.15625
2702;2702;83728.890625
2703;2703;86960.1015625
2704;2704;86850.15625
2705;2705;91620.40625
2706;2706;89598.9921875
2707;2707;89070.5625
2708;2708;86055.578125
2709;2709;85917.3671875
2710;2710;86719.5390625
2711;2711;86567.6875
2712;2712;84337.6640625
2713;2713;84185.8203125
2714;2714;87893.2578125
2715;2715;83888.859375
2716;2716;83455.0625
2717;2717;88800.2578125
2718;2718;86545.0546875
2719;2719;89923.96875
2720;2720;91254.6171875
2721;2721;83805.1875
2722;2722;86164.296875
2723;2723;85581.203125
2724;2724;80564.2890625
2725;2725;87331.4296875
2726;2726;87786.34375
2727;2727;87979.6875
2728;2728;86993.375
2729;2729;89194.4375
2730;2730;87496.609375
2731;2731;87022.875
2732;2732;88565.109375
2733;2733;86102.7421875
2734;2734;86873.015625
2735;2735;88935.421875
2736;2736;82912.8984375
2737;2737;87026.015625
2738;2738;86431.84375
2739;2739;86751.171875
2740;2740;87224.53125
2741;2741;84729.921875
2742;2742;87771.03125
2743;2743;86606.453125
2744;2744;86373.796875
2745;2745;82818.703125
2746;2746;88531.921875
2747;2747;83923.765625
2748;2748;88295.359375
2749;2749;86983.484375
2750;2750;88797.9296875
2751;2751;87357.546875
2752;2752;84693.71875
2753;2753;86319.46875
2754;2754;88742.6875
2755;2755;90425.046875
2756;2756;85711.578125
2757;2757;86891.2421875
2758;2758;88750.296875
2759;2759;86908.171875
2760;2760;85366.46875
2761;2761;85848.625
2762;2762;90719.015625
2763;2763;87445.453125
2764;2764;87015.578125
2765;2765;86640.5703125
2766;2766;83785.65625
2767;2767;90565.4609375
2768;2768;88972.4609375
2769;2769;83234.875
2770;2770;91622.2265625
2771;2771;88984.5
2772;2772;86224.40625
2773;2773;84532.6171875
2774;2774;85846.34375
2775;2775;87695.203125
2776;2776;87056.0
2777;2777;86020.75
2778;2778;89773.3671875
2779;2779;86213.25
2780;2780;85845.0859375
2781;2781;84998.1640625
2782;2782;85312.8125
2783;2783;86483.8671875
2784;2784;87516.2734375
2785;2785;86621.5703125
2786;2786;86585.953125
2787;2787;88451.5078125
2788;2788;86121.1328125
2789;2789;85340.6640625
2790;2790;86791.4375
2791;2791;87845.0390625
2792;2792;85224.171875
2793;2793;86722.765625
2794;2794;85958.328125
2795;2795;86024.328125
2796;2796;90556.75
2797;2797;88502.953125
2798;2798;90439.359375
2799;2799;88524.9453125
2800;2800;85857.0703125
2801;2801;87770.625
2802;2802;87638.9140625
2803;2803;90974.515625
2804;2804;89358.75
2805;2805;86756.5
2806;2806;84747.09375
2807;2807;89386.4453125
2808;2808;89780.4765625
2809;2809;84452.5
2810;2810;85999.828125
2811;2811;87643.953125
2812;2812;88746.375
2813;2813;89176.4375
2814;2814;85707.171875
2815;2815;90145.5703125
2816;2816;89463.09375
2817;2817;88189.671875
2818;2818;85845.453125
2819;2819;84868.984375
2820;2820;89574.484375
2821;2821;85759.375
2822;2822;85420.15625
2823;2823;85762.0625
2824;2824;89176.25
2825;2825;87914.734375
2826;2826;88921.046875
2827;2827;88537.09375
2828;2828;86484.3671875
2829;2829;89420.234375
2830;2830;85279.890625
2831;2831;86932.25
2832;2832;85867.75
2833;2833;47057.703125
2834;2834;1300297.5
2835;2835;1289392.0
2836;2836;1305925.375
2837;2837;1312662.0
2838;2838;1300082.25
2839;2839;1402634.0
2840;2840;1427581.75
2841;2841;1450999.875
2842;2842;1469179.375
2843;2843;1425312.0